captured_at,source_time,race_date,track,race_no,minutes_before,bet_type,combination,odds_low,odds_high,popularity,source_url
2026-09-22 20:18:00,20:17,2026-09-22,kochi,11,2,馬連,8-11,5.0,5.0,1,https://www.keiba.go.jp/KeibaWeb/TodayRaceInfo/OddsUmLenFuku?k_babaCode=31&k_raceDate=2026%2F09%2F22&k_raceNo=11
2026-09-22 20:18:00,20:17,2026-09-22,kochi,11,2,馬連,4-8,5.1,5.1,2,https://www.keiba.go.jp/KeibaWeb/TodayRaceInfo/OddsUmLenFuku?k_babaCode=31&k_raceDate=2026%2F09%2F22&k_raceNo=11
2026-09-22 20:18:00,20:17,2026-09-22,kochi,11,2,馬連,5-8,6.1,6.1,3,https://www.keiba.go.jp/KeibaWeb/TodayRaceInfo/OddsUmLenFuku?k_babaCode=31&k_raceDate=2026%2F09%2F22&k_raceNo=11
2026-09-22 20:18:00,20:17,2026-09-22,kochi,11,2,馬連,8-9,15.1,15.1,4,https://www.keiba.go.jp/KeibaWeb/TodayRaceInfo/OddsUmLenFuku?k_babaCode=31&k_raceDate=2026%2F09%2F22&k_raceNo=11
2026-09-22 20:18:00,20:17,2026-09-22,kochi,11,2,馬連,3-8,17.2,17.2,5,https://www.keiba.go.jp/KeibaWeb/TodayRaceInfo/OddsUmLenFuku?k_babaCode=31&k_raceDate=2026%2F09%2F22&k_raceNo=11
2026-09-22 20:18:00,20:17,2026-09-22,kochi,11,2,馬連,7-8,18.4,18.4,6,https://www.keiba.go.jp/KeibaWeb/TodayRaceInfo/OddsUmLenFuku?k_babaCode=31&k_raceDate=2026%2F09%2F22&k_raceNo=11
2026-09-22 20:18:00,20:17,2026-09-22,kochi,11,2,馬連,4-11,19.2,19.2,7,https://www.keiba.go.jp/KeibaWeb/TodayRaceInfo/OddsUmLenFuku?k_babaCode=31&k_raceDate=2026%2F09%2F22&k_raceNo=11
2026-09-22 20:18:00,20:17,2026-09-22,kochi,11,2,馬連,8-10,22.3,22.3,8,https://www.keiba.go.jp/KeibaWeb/TodayRaceInfo/OddsUmLenFuku?k_babaCode=31&k_raceDate=2026%2F09%2F22&k_raceNo=11
2026-09-22 20:18:00,20:17,2026-09-22,kochi,11,2,馬連,4-5,23.4,23.4,9,https://www.keiba.go.jp/KeibaWeb/TodayRaceInfo/OddsUmLenFuku?k_babaCode=31&k_raceDate=2026%2F09%2F22&k_raceNo=11
2026-09-22 20:18:00,20:17,2026-09-22,kochi,11,2,馬連,1-8,31.0,31.0,10,https://www.keiba.go.jp/KeibaWeb/TodayRaceInfo/OddsUmLenFuku?k_babaCode=31&k_raceDate=2026%2F09%2F22&k_raceNo=11
2026-09-22 20:18:00,20:17,2026-09-22,kochi,11,2,馬連,5-11,32.3,32.3,11,https://www.keiba.go.jp/KeibaWeb/TodayRaceInfo/OddsUmLenFuku?k_babaCode=31&k_raceDate=2026%2F09%2F22&k_raceNo=11
2026-09-22 20:18:00,20:17,2026-09-22,kochi,11,2,馬連,2-8,34.6,34.6,12,https://www.keiba.go.jp/KeibaWeb/TodayRaceInfo/OddsUmLenFuku?k_babaCode=31&k_raceDate=2026%2F09%2F22&k_raceNo=11
2026-09-22 20:18:00,20:17,2026-09-22,kochi,11,2,馬連,3-4,36.1,36.1,13,https://www.keiba.go.jp/KeibaWeb/TodayRaceInfo/OddsUmLenFuku?k_babaCode=31&k_raceDate=2026%2F09%2F22&k_raceNo=11
2026-09-22 20:18:00,20:17,2026-09-22,kochi,11,2,馬連,8-12,45.7,45.7,14,https://www.keiba.go.jp/KeibaWeb/TodayRaceInfo/OddsUmLenFuku?k_babaCode=31&k_raceDate=2026%2F09%2F22&k_raceNo=11
2026-09-22 20:18:00,20:17,2026-09-22,kochi,11,2,馬連,4-9,46.3,46.3,15,https://www.keiba.go.jp/KeibaWeb/TodayRaceInfo/OddsUmLenFuku?k_babaCode=31&k_raceDate=2026%2F09%2F22&k_raceNo=11
2026-09-22 20:18:00,20:17,2026-09-22,kochi,11,2,馬連,6-8,46.8,46.8,16,https://www.keiba.go.jp/KeibaWeb/TodayRaceInfo/OddsUmLenFuku?k_babaCode=31&k_raceDate=2026%2F09%2F22&k_raceNo=11
2026-09-22 20:18:00,20:17,2026-09-22,kochi,11,2,馬連,9-11,67.3,67.3,17,https://www.keiba.go.jp/KeibaWeb/TodayRaceInfo/OddsUmLenFuku?k_babaCode=31&k_raceDate=2026%2F09%2F22&k_raceNo=11
2026-09-22 20:18:00,20:17,2026-09-22,kochi,11,2,馬連,5-9,68.7,68.7,18,https://www.keiba.go.jp/KeibaWeb/TodayRaceInfo/OddsUmLenFuku?k_babaCode=31&k_raceDate=2026%2F09%2F22&k_raceNo=11
2026-09-22 20:18:00,20:17,2026-09-22,kochi,11,2,馬連,3-11,78.8,78.8,19,https://www.keiba.go.jp/KeibaWeb/TodayRaceInfo/OddsUmLenFuku?k_babaCode=31&k_raceDate=2026%2F09%2F22&k_raceNo=11
2026-09-22 20:18:00,20:17,2026-09-22,kochi,11,2,馬連,10-11,80.3,80.3,20,https://www.keiba.go.jp/KeibaWeb/TodayRaceInfo/OddsUmLenFuku?k_babaCode=31&k_raceDate=2026%2F09%2F22&k_raceNo=11
2026-09-22 20:18:00,20:17,2026-09-22,kochi,11,2,馬連,4-7,85.6,85.6,21,https://www.keiba.go.jp/KeibaWeb/TodayRaceInfo/OddsUmLenFuku?k_babaCode=31&k_raceDate=2026%2F09%2F22&k_raceNo=11
2026-09-22 20:18:00,20:17,2026-09-22,kochi,11,2,馬連,5-7,87.4,87.4,22,https://www.keiba.go.jp/KeibaWeb/TodayRaceInfo/OddsUmLenFuku?k_babaCode=31&k_raceDate=2026%2F09%2F22&k_raceNo=11
2026-09-22 20:18:00,20:17,2026-09-22,kochi,11,2,馬連,2-5,97.7,97.7,23,https://www.keiba.go.jp/KeibaWeb/TodayRaceInfo/OddsUmLenFuku?k_babaCode=31&k_raceDate=2026%2F09%2F22&k_raceNo=11
2026-09-22 20:18:00,20:17,2026-09-22,kochi,11,2,馬連,4-10,97.7,97.7,23,https://www.keiba.go.jp/KeibaWeb/TodayRaceInfo/OddsUmLenFuku?k_babaCode=31&k_raceDate=2026%2F09%2F22&k_raceNo=11
2026-09-22 20:18:00,20:17,2026-09-22,kochi,11,2,馬連,7-11,99.6,99.6,25,https://www.keiba.go.jp/KeibaWeb/TodayRaceInfo/OddsUmLenFuku?k_babaCode=31&k_raceDate=2026%2F09%2F22&k_raceNo=11
2026-09-22 20:18:00,20:17,2026-09-22,kochi,11,2,馬連,4-6,101.0,101.0,26,https://www.keiba.go.jp/KeibaWeb/TodayRaceInfo/OddsUmLenFuku?k_babaCode=31&k_raceDate=2026%2F09%2F22&k_raceNo=11
2026-09-22 20:18:00,20:17,2026-09-22,kochi,11,2,馬連,1-4,104.6,104.6,27,https://www.keiba.go.jp/KeibaWeb/TodayRaceInfo/OddsUmLenFuku?k_babaCode=31&k_raceDate=2026%2F09%2F22&k_raceNo=11
2026-09-22 20:18:00,20:17,2026-09-22,kochi,11,2,馬連,1-11,112.5,112.5,28,https://www.keiba.go.jp/KeibaWeb/TodayRaceInfo/OddsUmLenFuku?k_babaCode=31&k_raceDate=2026%2F09%2F22&k_raceNo=11
2026-09-22 20:18:00,20:17,2026-09-22,kochi,11,2,馬連,11-12,130.1,130.1,29,https://www.keiba.go.jp/KeibaWeb/TodayRaceInfo/OddsUmLenFuku?k_babaCode=31&k_raceDate=2026%2F09%2F22&k_raceNo=11
2026-09-22 20:18:00,20:17,2026-09-22,kochi,11,2,馬連,3-5,132.5,132.5,30,https://www.keiba.go.jp/KeibaWeb/TodayRaceInfo/OddsUmLenFuku?k_babaCode=31&k_raceDate=2026%2F09%2F22&k_raceNo=11
2026-09-22 20:18:00,20:17,2026-09-22,kochi,11,2,馬連,5-10,133.4,133.4,31,https://www.keiba.go.jp/KeibaWeb/TodayRaceInfo/OddsUmLenFuku?k_babaCode=31&k_raceDate=2026%2F09%2F22&k_raceNo=11
2026-09-22 20:18:00,20:17,2026-09-22,kochi,11,2,馬連,2-9,134.3,134.3,32,https://www.keiba.go.jp/KeibaWeb/TodayRaceInfo/OddsUmLenFuku?k_babaCode=31&k_raceDate=2026%2F09%2F22&k_raceNo=11
2026-09-22 20:18:00,20:17,2026-09-22,kochi,11,2,馬連,2-4,158.9,158.9,33,https://www.keiba.go.jp/KeibaWeb/TodayRaceInfo/OddsUmLenFuku?k_babaCode=31&k_raceDate=2026%2F09%2F22&k_raceNo=11
2026-09-22 20:18:00,20:17,2026-09-22,kochi,11,2,馬連,4-12,174.9,174.9,34,https://www.keiba.go.jp/KeibaWeb/TodayRaceInfo/OddsUmLenFuku?k_babaCode=31&k_raceDate=2026%2F09%2F22&k_raceNo=11
2026-09-22 20:18:00,20:17,2026-09-22,kochi,11,2,馬連,1-5,177.9,177.9,35,https://www.keiba.go.jp/KeibaWeb/TodayRaceInfo/OddsUmLenFuku?k_babaCode=31&k_raceDate=2026%2F09%2F22&k_raceNo=11
2026-09-22 20:18:00,20:17,2026-09-22,kochi,11,2,馬連,3-7,185.8,185.8,36,https://www.keiba.go.jp/KeibaWeb/TodayRaceInfo/OddsUmLenFuku?k_babaCode=31&k_raceDate=2026%2F09%2F22&k_raceNo=11
2026-09-22 20:18:00,20:17,2026-09-22,kochi,11,2,馬連,3-10,185.8,185.8,36,https://www.keiba.go.jp/KeibaWeb/TodayRaceInfo/OddsUmLenFuku?k_babaCode=31&k_raceDate=2026%2F09%2F22&k_raceNo=11
2026-09-22 20:18:00,20:17,2026-09-22,kochi,11,2,馬連,3-9,210.2,210.2,38,https://www.keiba.go.jp/KeibaWeb/TodayRaceInfo/OddsUmLenFuku?k_babaCode=31&k_raceDate=2026%2F09%2F22&k_raceNo=11
2026-09-22 20:18:00,20:17,2026-09-22,kochi,11,2,馬連,2-11,212.4,212.4,39,https://www.keiba.go.jp/KeibaWeb/TodayRaceInfo/OddsUmLenFuku?k_babaCode=31&k_raceDate=2026%2F09%2F22&k_raceNo=11
2026-09-22 20:18:00,20:17,2026-09-22,kochi,11,2,馬連,9-10,212.4,212.4,39,https://www.keiba.go.jp/KeibaWeb/TodayRaceInfo/OddsUmLenFuku?k_babaCode=31&k_raceDate=2026%2F09%2F22&k_raceNo=11
2026-09-22 20:18:00,20:17,2026-09-22,kochi,11,2,馬連,5-12,221.4,221.4,41,https://www.keiba.go.jp/KeibaWeb/TodayRaceInfo/OddsUmLenFuku?k_babaCode=31&k_raceDate=2026%2F09%2F22&k_raceNo=11
2026-09-22 20:18:00,20:17,2026-09-22,kochi,11,2,馬連,6-11,231.3,231.3,42,https://www.keiba.go.jp/KeibaWeb/TodayRaceInfo/OddsUmLenFuku?k_babaCode=31&k_raceDate=2026%2F09%2F22&k_raceNo=11
2026-09-22 20:18:00,20:17,2026-09-22,kochi,11,2,馬連,5-6,233.8,233.8,43,https://www.keiba.go.jp/KeibaWeb/TodayRaceInfo/OddsUmLenFuku?k_babaCode=31&k_raceDate=2026%2F09%2F22&k_raceNo=11
2026-09-22 20:18:00,20:17,2026-09-22,kochi,11,2,馬連,1-3,242.0,242.0,44,https://www.keiba.go.jp/KeibaWeb/TodayRaceInfo/OddsUmLenFuku?k_babaCode=31&k_raceDate=2026%2F09%2F22&k_raceNo=11
2026-09-22 20:18:00,20:17,2026-09-22,kochi,11,2,馬連,2-10,293.1,293.1,45,https://www.keiba.go.jp/KeibaWeb/TodayRaceInfo/OddsUmLenFuku?k_babaCode=31&k_raceDate=2026%2F09%2F22&k_raceNo=11
2026-09-22 20:18:00,20:17,2026-09-22,kochi,11,2,馬連,1-9,315.4,315.4,46,https://www.keiba.go.jp/KeibaWeb/TodayRaceInfo/OddsUmLenFuku?k_babaCode=31&k_raceDate=2026%2F09%2F22&k_raceNo=11
2026-09-22 20:18:00,20:17,2026-09-22,kochi,11,2,馬連,1-10,371.7,371.7,47,https://www.keiba.go.jp/KeibaWeb/TodayRaceInfo/OddsUmLenFuku?k_babaCode=31&k_raceDate=2026%2F09%2F22&k_raceNo=11
2026-09-22 20:18:00,20:17,2026-09-22,kochi,11,2,馬連,3-6,392.7,392.7,48,https://www.keiba.go.jp/KeibaWeb/TodayRaceInfo/OddsUmLenFuku?k_babaCode=31&k_raceDate=2026%2F09%2F22&k_raceNo=11
2026-09-22 20:18:00,20:17,2026-09-22,kochi,11,2,馬連,10-12,392.7,392.7,48,https://www.keiba.go.jp/KeibaWeb/TodayRaceInfo/OddsUmLenFuku?k_babaCode=31&k_raceDate=2026%2F09%2F22&k_raceNo=11
2026-09-22 20:18:00,20:17,2026-09-22,kochi,11,2,馬連,6-9,408.1,408.1,50,https://www.keiba.go.jp/KeibaWeb/TodayRaceInfo/OddsUmLenFuku?k_babaCode=31&k_raceDate=2026%2F09%2F22&k_raceNo=11
2026-09-22 20:18:00,20:17,2026-09-22,kochi,11,2,馬連,2-3,424.8,424.8,51,https://www.keiba.go.jp/KeibaWeb/TodayRaceInfo/OddsUmLenFuku?k_babaCode=31&k_raceDate=2026%2F09%2F22&k_raceNo=11
2026-09-22 20:18:00,20:17,2026-09-22,kochi,11,2,馬連,2-7,424.8,424.8,51,https://www.keiba.go.jp/KeibaWeb/TodayRaceInfo/OddsUmLenFuku?k_babaCode=31&k_raceDate=2026%2F09%2F22&k_raceNo=11
2026-09-22 20:18:00,20:17,2026-09-22,kochi,11,2,馬連,7-9,433.6,433.6,53,https://www.keiba.go.jp/KeibaWeb/TodayRaceInfo/OddsUmLenFuku?k_babaCode=31&k_raceDate=2026%2F09%2F22&k_raceNo=11
2026-09-22 20:18:00,20:17,2026-09-22,kochi,11,2,馬連,6-10,442.9,442.9,54,https://www.keiba.go.jp/KeibaWeb/TodayRaceInfo/OddsUmLenFuku?k_babaCode=31&k_raceDate=2026%2F09%2F22&k_raceNo=11
2026-09-22 20:18:00,20:17,2026-09-22,kochi,11,2,馬連,7-12,452.5,452.5,55,https://www.keiba.go.jp/KeibaWeb/TodayRaceInfo/OddsUmLenFuku?k_babaCode=31&k_raceDate=2026%2F09%2F22&k_raceNo=11
2026-09-22 20:18:00,20:17,2026-09-22,kochi,11,2,馬連,9-12,452.5,452.5,55,https://www.keiba.go.jp/KeibaWeb/TodayRaceInfo/OddsUmLenFuku?k_babaCode=31&k_raceDate=2026%2F09%2F22&k_raceNo=11
2026-09-22 20:18:00,20:17,2026-09-22,kochi,11,2,馬連,7-10,462.6,462.6,57,https://www.keiba.go.jp/KeibaWeb/TodayRaceInfo/OddsUmLenFuku?k_babaCode=31&k_raceDate=2026%2F09%2F22&k_raceNo=11
2026-09-22 20:18:00,20:17,2026-09-22,kochi,11,2,馬連,1-6,473.1,473.1,58,https://www.keiba.go.jp/KeibaWeb/TodayRaceInfo/OddsUmLenFuku?k_babaCode=31&k_raceDate=2026%2F09%2F22&k_raceNo=11
2026-09-22 20:18:00,20:17,2026-09-22,kochi,11,2,馬連,1-7,507.7,507.7,59,https://www.keiba.go.jp/KeibaWeb/TodayRaceInfo/OddsUmLenFuku?k_babaCode=31&k_raceDate=2026%2F09%2F22&k_raceNo=11
2026-09-22 20:18:00,20:17,2026-09-22,kochi,11,2,馬連,2-6,533.7,533.7,60,https://www.keiba.go.jp/KeibaWeb/TodayRaceInfo/OddsUmLenFuku?k_babaCode=31&k_raceDate=2026%2F09%2F22&k_raceNo=11
2026-09-22 20:18:00,20:17,2026-09-22,kochi,11,2,馬連,3-12,562.6,562.6,61,https://www.keiba.go.jp/KeibaWeb/TodayRaceInfo/OddsUmLenFuku?k_babaCode=31&k_raceDate=2026%2F09%2F22&k_raceNo=11
2026-09-22 20:18:00,20:17,2026-09-22,kochi,11,2,馬連,1-2,612.2,612.2,62,https://www.keiba.go.jp/KeibaWeb/TodayRaceInfo/OddsUmLenFuku?k_babaCode=31&k_raceDate=2026%2F09%2F22&k_raceNo=11
2026-09-22 20:18:00,20:17,2026-09-22,kochi,11,2,馬連,1-12,650.5,650.5,63,https://www.keiba.go.jp/KeibaWeb/TodayRaceInfo/OddsUmLenFuku?k_babaCode=31&k_raceDate=2026%2F09%2F22&k_raceNo=11
2026-09-22 20:18:00,20:17,2026-09-22,kochi,11,2,馬連,2-12,650.5,650.5,63,https://www.keiba.go.jp/KeibaWeb/TodayRaceInfo/OddsUmLenFuku?k_babaCode=31&k_raceDate=2026%2F09%2F22&k_raceNo=11
2026-09-22 20:18:00,20:17,2026-09-22,kochi,11,2,馬連,6-12,693.9,693.9,65,https://www.keiba.go.jp/KeibaWeb/TodayRaceInfo/OddsUmLenFuku?k_babaCode=31&k_raceDate=2026%2F09%2F22&k_raceNo=11
2026-09-22 20:18:00,20:17,2026-09-22,kochi,11,2,馬連,6-7,832.6,832.6,66,https://www.keiba.go.jp/KeibaWeb/TodayRaceInfo/OddsUmLenFuku?k_babaCode=31&k_raceDate=2026%2F09%2F22&k_raceNo=11
2026-09-22 20:18:00,20:17,2026-09-22,kochi,11,2,ワイド,8-11,2.2,2.4,1,https://www.keiba.go.jp/KeibaWeb/TodayRaceInfo/OddsWide?k_babaCode=31&k_raceDate=2026%2F09%2F22&k_raceNo=11
2026-09-22 20:18:00,20:17,2026-09-22,kochi,11,2,ワイド,4-8,2.3,2.6,2,https://www.keiba.go.jp/KeibaWeb/TodayRaceInfo/OddsWide?k_babaCode=31&k_raceDate=2026%2F09%2F22&k_raceNo=11
2026-09-22 20:18:00,20:17,2026-09-22,kochi,11,2,ワイド,5-8,3.6,4.1,3,https://www.keiba.go.jp/KeibaWeb/TodayRaceInfo/OddsWide?k_babaCode=31&k_raceDate=2026%2F09%2F22&k_raceNo=11
2026-09-22 20:18:00,20:17,2026-09-22,kochi,11,2,ワイド,8-9,5.1,5.7,4,https://www.keiba.go.jp/KeibaWeb/TodayRaceInfo/OddsWide?k_babaCode=31&k_raceDate=2026%2F09%2F22&k_raceNo=11
2026-09-22 20:18:00,20:17,2026-09-22,kochi,11,2,ワイド,4-11,5.4,6.9,5,https://www.keiba.go.jp/KeibaWeb/TodayRaceInfo/OddsWide?k_babaCode=31&k_raceDate=2026%2F09%2F22&k_raceNo=11
2026-09-22 20:18:00,20:17,2026-09-22,kochi,11,2,ワイド,2-8,5.6,6.3,6,https://www.keiba.go.jp/KeibaWeb/TodayRaceInfo/OddsWide?k_babaCode=31&k_raceDate=2026%2F09%2F22&k_raceNo=11
2026-09-22 20:18:00,20:17,2026-09-22,kochi,11,2,ワイド,7-8,6.3,7.1,7,https://www.keiba.go.jp/KeibaWeb/TodayRaceInfo/OddsWide?k_babaCode=31&k_raceDate=2026%2F09%2F22&k_raceNo=11
2026-09-22 20:18:00,20:17,2026-09-22,kochi,11,2,ワイド,4-5,6.4,7.7,8,https://www.keiba.go.jp/KeibaWeb/TodayRaceInfo/OddsWide?k_babaCode=31&k_raceDate=2026%2F09%2F22&k_raceNo=11
2026-09-22 20:18:00,20:17,2026-09-22,kochi,11,2,ワイド,3-8,6.8,7.7,9,https://www.keiba.go.jp/KeibaWeb/TodayRaceInfo/OddsWide?k_babaCode=31&k_raceDate=2026%2F09%2F22&k_raceNo=11
2026-09-22 20:18:00,20:17,2026-09-22,kochi,11,2,ワイド,8-10,8.0,8.9,10,https://www.keiba.go.jp/KeibaWeb/TodayRaceInfo/OddsWide?k_babaCode=31&k_raceDate=2026%2F09%2F22&k_raceNo=11
2026-09-22 20:18:00,20:17,2026-09-22,kochi,11,2,ワイド,3-4,8.5,9.9,11,https://www.keiba.go.jp/KeibaWeb/TodayRaceInfo/OddsWide?k_babaCode=31&k_raceDate=2026%2F09%2F22&k_raceNo=11
2026-09-22 20:18:00,20:17,2026-09-22,kochi,11,2,ワイド,5-11,9.4,11.3,12,https://www.keiba.go.jp/KeibaWeb/TodayRaceInfo/OddsWide?k_babaCode=31&k_raceDate=2026%2F09%2F22&k_raceNo=11
2026-09-22 20:18:00,20:17,2026-09-22,kochi,11,2,ワイド,9-11,10.5,12.4,13,https://www.keiba.go.jp/KeibaWeb/TodayRaceInfo/OddsWide?k_babaCode=31&k_raceDate=2026%2F09%2F22&k_raceNo=11
2026-09-22 20:18:00,20:17,2026-09-22,kochi,11,2,ワイド,6-8,11.8,13.2,14,https://www.keiba.go.jp/KeibaWeb/TodayRaceInfo/OddsWide?k_babaCode=31&k_raceDate=2026%2F09%2F22&k_raceNo=11
2026-09-22 20:18:00,20:17,2026-09-22,kochi,11,2,ワイド,1-8,12.0,13.5,15,https://www.keiba.go.jp/KeibaWeb/TodayRaceInfo/OddsWide?k_babaCode=31&k_raceDate=2026%2F09%2F22&k_raceNo=11
2026-09-22 20:18:00,20:17,2026-09-22,kochi,11,2,ワイド,2-5,12.1,13.5,16,https://www.keiba.go.jp/KeibaWeb/TodayRaceInfo/OddsWide?k_babaCode=31&k_raceDate=2026%2F09%2F22&k_raceNo=11
2026-09-22 20:18:00,20:17,2026-09-22,kochi,11,2,ワイド,8-12,13.3,14.9,17,https://www.keiba.go.jp/KeibaWeb/TodayRaceInfo/OddsWide?k_babaCode=31&k_raceDate=2026%2F09%2F22&k_raceNo=11
2026-09-22 20:18:00,20:17,2026-09-22,kochi,11,2,ワイド,4-9,13.5,15.9,18,https://www.keiba.go.jp/KeibaWeb/TodayRaceInfo/OddsWide?k_babaCode=31&k_raceDate=2026%2F09%2F22&k_raceNo=11
2026-09-22 20:18:00,20:17,2026-09-22,kochi,11,2,ワイド,2-9,13.8,15.1,19,https://www.keiba.go.jp/KeibaWeb/TodayRaceInfo/OddsWide?k_babaCode=31&k_raceDate=2026%2F09%2F22&k_raceNo=11
2026-09-22 20:18:00,20:17,2026-09-22,kochi,11,2,ワイド,4-7,15.6,18.2,20,https://www.keiba.go.jp/KeibaWeb/TodayRaceInfo/OddsWide?k_babaCode=31&k_raceDate=2026%2F09%2F22&k_raceNo=11
2026-09-22 20:18:00,20:17,2026-09-22,kochi,11,2,ワイド,5-9,15.7,17.5,21,https://www.keiba.go.jp/KeibaWeb/TodayRaceInfo/OddsWide?k_babaCode=31&k_raceDate=2026%2F09%2F22&k_raceNo=11
2026-09-22 20:18:00,20:17,2026-09-22,kochi,11,2,ワイド,3-11,19.7,23.2,22,https://www.keiba.go.jp/KeibaWeb/TodayRaceInfo/OddsWide?k_babaCode=31&k_raceDate=2026%2F09%2F22&k_raceNo=11
2026-09-22 20:18:00,20:17,2026-09-22,kochi,11,2,ワイド,7-11,19.9,23.4,23,https://www.keiba.go.jp/KeibaWeb/TodayRaceInfo/OddsWide?k_babaCode=31&k_raceDate=2026%2F09%2F22&k_raceNo=11
2026-09-22 20:18:00,20:17,2026-09-22,kochi,11,2,ワイド,1-4,20.7,23.7,24,https://www.keiba.go.jp/KeibaWeb/TodayRaceInfo/OddsWide?k_babaCode=31&k_raceDate=2026%2F09%2F22&k_raceNo=11
2026-09-22 20:18:00,20:17,2026-09-22,kochi,11,2,ワイド,2-4,21.5,25.3,25,https://www.keiba.go.jp/KeibaWeb/TodayRaceInfo/OddsWide?k_babaCode=31&k_raceDate=2026%2F09%2F22&k_raceNo=11
2026-09-22 20:18:00,20:17,2026-09-22,kochi,11,2,ワイド,10-11,21.7,25.3,26,https://www.keiba.go.jp/KeibaWeb/TodayRaceInfo/OddsWide?k_babaCode=31&k_raceDate=2026%2F09%2F22&k_raceNo=11
2026-09-22 20:18:00,20:17,2026-09-22,kochi,11,2,ワイド,5-6,22.2,24.1,27,https://www.keiba.go.jp/KeibaWeb/TodayRaceInfo/OddsWide?k_babaCode=31&k_raceDate=2026%2F09%2F22&k_raceNo=11
2026-09-22 20:18:00,20:17,2026-09-22,kochi,11,2,ワイド,4-10,22.5,26.0,28,https://www.keiba.go.jp/KeibaWeb/TodayRaceInfo/OddsWide?k_babaCode=31&k_raceDate=2026%2F09%2F22&k_raceNo=11
2026-09-22 20:18:00,20:17,2026-09-22,kochi,11,2,ワイド,3-5,23.7,26.1,29,https://www.keiba.go.jp/KeibaWeb/TodayRaceInfo/OddsWide?k_babaCode=31&k_raceDate=2026%2F09%2F22&k_raceNo=11
2026-09-22 20:18:00,20:17,2026-09-22,kochi,11,2,ワイド,1-11,28.9,33.3,30,https://www.keiba.go.jp/KeibaWeb/TodayRaceInfo/OddsWide?k_babaCode=31&k_raceDate=2026%2F09%2F22&k_raceNo=11
2026-09-22 20:18:00,20:17,2026-09-22,kochi,11,2,ワイド,11-12,29.8,34.3,31,https://www.keiba.go.jp/KeibaWeb/TodayRaceInfo/OddsWide?k_babaCode=31&k_raceDate=2026%2F09%2F22&k_raceNo=11
2026-09-22 20:18:00,20:17,2026-09-22,kochi,11,2,ワイド,5-10,30.3,33.2,32,https://www.keiba.go.jp/KeibaWeb/TodayRaceInfo/OddsWide?k_babaCode=31&k_raceDate=2026%2F09%2F22&k_raceNo=11
2026-09-22 20:18:00,20:17,2026-09-22,kochi,11,2,ワイド,5-7,30.7,34.0,33,https://www.keiba.go.jp/KeibaWeb/TodayRaceInfo/OddsWide?k_babaCode=31&k_raceDate=2026%2F09%2F22&k_raceNo=11
2026-09-22 20:18:00,20:17,2026-09-22,kochi,11,2,ワイド,4-6,31.6,36.2,34,https://www.keiba.go.jp/KeibaWeb/TodayRaceInfo/OddsWide?k_babaCode=31&k_raceDate=2026%2F09%2F22&k_raceNo=11
2026-09-22 20:18:00,20:17,2026-09-22,kochi,11,2,ワイド,2-11,36.2,43.0,35,https://www.keiba.go.jp/KeibaWeb/TodayRaceInfo/OddsWide?k_babaCode=31&k_raceDate=2026%2F09%2F22&k_raceNo=11
2026-09-22 20:18:00,20:17,2026-09-22,kochi,11,2,ワイド,3-9,38.5,41.7,36,https://www.keiba.go.jp/KeibaWeb/TodayRaceInfo/OddsWide?k_babaCode=31&k_raceDate=2026%2F09%2F22&k_raceNo=11
2026-09-22 20:18:00,20:17,2026-09-22,kochi,11,2,ワイド,6-11,41.4,47.9,37,https://www.keiba.go.jp/KeibaWeb/TodayRaceInfo/OddsWide?k_babaCode=31&k_raceDate=2026%2F09%2F22&k_raceNo=11
2026-09-22 20:18:00,20:17,2026-09-22,kochi,11,2,ワイド,1-2,41.7,44.2,38,https://www.keiba.go.jp/KeibaWeb/TodayRaceInfo/OddsWide?k_babaCode=31&k_raceDate=2026%2F09%2F22&k_raceNo=11
2026-09-22 20:18:00,20:17,2026-09-22,kochi,11,2,ワイド,3-7,42.0,44.9,39,https://www.keiba.go.jp/KeibaWeb/TodayRaceInfo/OddsWide?k_babaCode=31&k_raceDate=2026%2F09%2F22&k_raceNo=11
2026-09-22 20:18:00,20:17,2026-09-22,kochi,11,2,ワイド,9-10,42.5,45.7,40,https://www.keiba.go.jp/KeibaWeb/TodayRaceInfo/OddsWide?k_babaCode=31&k_raceDate=2026%2F09%2F22&k_raceNo=11
2026-09-22 20:18:00,20:17,2026-09-22,kochi,11,2,ワイド,4-12,47.5,54.2,41,https://www.keiba.go.jp/KeibaWeb/TodayRaceInfo/OddsWide?k_babaCode=31&k_raceDate=2026%2F09%2F22&k_raceNo=11
2026-09-22 20:18:00,20:17,2026-09-22,kochi,11,2,ワイド,1-5,47.6,51.7,42,https://www.keiba.go.jp/KeibaWeb/TodayRaceInfo/OddsWide?k_babaCode=31&k_raceDate=2026%2F09%2F22&k_raceNo=11
2026-09-22 20:18:00,20:17,2026-09-22,kochi,11,2,ワイド,3-10,53.9,57.2,43,https://www.keiba.go.jp/KeibaWeb/TodayRaceInfo/OddsWide?k_babaCode=31&k_raceDate=2026%2F09%2F22&k_raceNo=11
2026-09-22 20:18:00,20:17,2026-09-22,kochi,11,2,ワイド,5-12,54.7,59.3,44,https://www.keiba.go.jp/KeibaWeb/TodayRaceInfo/OddsWide?k_babaCode=31&k_raceDate=2026%2F09%2F22&k_raceNo=11
2026-09-22 20:18:00,20:17,2026-09-22,kochi,11,2,ワイド,1-3,64.9,68.2,45,https://www.keiba.go.jp/KeibaWeb/TodayRaceInfo/OddsWide?k_babaCode=31&k_raceDate=2026%2F09%2F22&k_raceNo=11
2026-09-22 20:18:00,20:17,2026-09-22,kochi,11,2,ワイド,2-10,68.5,73.4,46,https://www.keiba.go.jp/KeibaWeb/TodayRaceInfo/OddsWide?k_babaCode=31&k_raceDate=2026%2F09%2F22&k_raceNo=11
2026-09-22 20:18:00,20:17,2026-09-22,kochi,11,2,ワイド,1-9,69.7,74.3,47,https://www.keiba.go.jp/KeibaWeb/TodayRaceInfo/OddsWide?k_babaCode=31&k_raceDate=2026%2F09%2F22&k_raceNo=11
2026-09-22 20:18:00,20:17,2026-09-22,kochi,11,2,ワイド,2-3,71.5,77.0,48,https://www.keiba.go.jp/KeibaWeb/TodayRaceInfo/OddsWide?k_babaCode=31&k_raceDate=2026%2F09%2F22&k_raceNo=11
2026-09-22 20:18:00,20:17,2026-09-22,kochi,11,2,ワイド,7-10,72.3,77.0,49,https://www.keiba.go.jp/KeibaWeb/TodayRaceInfo/OddsWide?k_babaCode=31&k_raceDate=2026%2F09%2F22&k_raceNo=11
2026-09-22 20:18:00,20:17,2026-09-22,kochi,11,2,ワイド,6-9,75.6,80.4,50,https://www.keiba.go.jp/KeibaWeb/TodayRaceInfo/OddsWide?k_babaCode=31&k_raceDate=2026%2F09%2F22&k_raceNo=11
2026-09-22 20:18:00,20:17,2026-09-22,kochi,11,2,ワイド,1-6,83.7,86.6,51,https://www.keiba.go.jp/KeibaWeb/TodayRaceInfo/OddsWide?k_babaCode=31&k_raceDate=2026%2F09%2F22&k_raceNo=11
2026-09-22 20:18:00,20:17,2026-09-22,kochi,11,2,ワイド,6-10,87.7,91.7,52,https://www.keiba.go.jp/KeibaWeb/TodayRaceInfo/OddsWide?k_babaCode=31&k_raceDate=2026%2F09%2F22&k_raceNo=11
2026-09-22 20:18:00,20:17,2026-09-22,kochi,11,2,ワイド,10-12,87.9,91.8,53,https://www.keiba.go.jp/KeibaWeb/TodayRaceInfo/OddsWide?k_babaCode=31&k_raceDate=2026%2F09%2F22&k_raceNo=11
2026-09-22 20:18:00,20:17,2026-09-22,kochi,11,2,ワイド,7-9,88.4,96.0,54,https://www.keiba.go.jp/KeibaWeb/TodayRaceInfo/OddsWide?k_babaCode=31&k_raceDate=2026%2F09%2F22&k_raceNo=11
2026-09-22 20:18:00,20:17,2026-09-22,kochi,11,2,ワイド,3-6,89.3,93.8,55,https://www.keiba.go.jp/KeibaWeb/TodayRaceInfo/OddsWide?k_babaCode=31&k_raceDate=2026%2F09%2F22&k_raceNo=11
2026-09-22 20:18:00,20:17,2026-09-22,kochi,11,2,ワイド,3-12,96.0,100.6,56,https://www.keiba.go.jp/KeibaWeb/TodayRaceInfo/OddsWide?k_babaCode=31&k_raceDate=2026%2F09%2F22&k_raceNo=11
2026-09-22 20:18:00,20:17,2026-09-22,kochi,11,2,ワイド,6-12,96.7,99.9,57,https://www.keiba.go.jp/KeibaWeb/TodayRaceInfo/OddsWide?k_babaCode=31&k_raceDate=2026%2F09%2F22&k_raceNo=11
2026-09-22 20:18:00,20:17,2026-09-22,kochi,11,2,ワイド,6-7,97.0,102.3,58,https://www.keiba.go.jp/KeibaWeb/TodayRaceInfo/OddsWide?k_babaCode=31&k_raceDate=2026%2F09%2F22&k_raceNo=11
2026-09-22 20:18:00,20:17,2026-09-22,kochi,11,2,ワイド,2-6,102.4,108.6,59,https://www.keiba.go.jp/KeibaWeb/TodayRaceInfo/OddsWide?k_babaCode=31&k_raceDate=2026%2F09%2F22&k_raceNo=11
2026-09-22 20:18:00,20:17,2026-09-22,kochi,11,2,ワイド,9-12,104.9,111.5,60,https://www.keiba.go.jp/KeibaWeb/TodayRaceInfo/OddsWide?k_babaCode=31&k_raceDate=2026%2F09%2F22&k_raceNo=11
2026-09-22 20:18:00,20:17,2026-09-22,kochi,11,2,ワイド,1-7,121.0,127.6,61,https://www.keiba.go.jp/KeibaWeb/TodayRaceInfo/OddsWide?k_babaCode=31&k_raceDate=2026%2F09%2F22&k_raceNo=11
2026-09-22 20:18:00,20:17,2026-09-22,kochi,11,2,ワイド,1-12,124.8,128.9,62,https://www.keiba.go.jp/KeibaWeb/TodayRaceInfo/OddsWide?k_babaCode=31&k_raceDate=2026%2F09%2F22&k_raceNo=11
2026-09-22 20:18:00,20:17,2026-09-22,kochi,11,2,ワイド,1-10,131.4,137.3,63,https://www.keiba.go.jp/KeibaWeb/TodayRaceInfo/OddsWide?k_babaCode=31&k_raceDate=2026%2F09%2F22&k_raceNo=11
2026-09-22 20:18:00,20:17,2026-09-22,kochi,11,2,ワイド,2-7,131.5,142.2,64,https://www.keiba.go.jp/KeibaWeb/TodayRaceInfo/OddsWide?k_babaCode=31&k_raceDate=2026%2F09%2F22&k_raceNo=11
2026-09-22 20:18:00,20:17,2026-09-22,kochi,11,2,ワイド,7-12,135.1,142.2,65,https://www.keiba.go.jp/KeibaWeb/TodayRaceInfo/OddsWide?k_babaCode=31&k_raceDate=2026%2F09%2F22&k_raceNo=11
2026-09-22 20:18:00,20:17,2026-09-22,kochi,11,2,ワイド,2-12,137.5,145.6,66,https://www.keiba.go.jp/KeibaWeb/TodayRaceInfo/OddsWide?k_babaCode=31&k_raceDate=2026%2F09%2F22&k_raceNo=11
2026-09-22 20:18:00,20:17,2026-09-22,kochi,11,2,三連複,4-8-11,8.1,8.1,1,https://www.keiba.go.jp/KeibaWeb/TodayRaceInfo/Odds3LenFuku?k_babaCode=31&k_raceDate=2026%2F09%2F22&k_raceNo=11
2026-09-22 20:18:00,20:17,2026-09-22,kochi,11,2,三連複,5-8-11,12.4,12.4,2,https://www.keiba.go.jp/KeibaWeb/TodayRaceInfo/Odds3LenFuku?k_babaCode=31&k_raceDate=2026%2F09%2F22&k_raceNo=11
2026-09-22 20:18:00,20:17,2026-09-22,kochi,11,2,三連複,4-5-8,12.8,12.8,3,https://www.keiba.go.jp/KeibaWeb/TodayRaceInfo/Odds3LenFuku?k_babaCode=31&k_raceDate=2026%2F09%2F22&k_raceNo=11
2026-09-22 20:18:00,20:17,2026-09-22,kochi,11,2,三連複,3-4-8,20.1,20.1,4,https://www.keiba.go.jp/KeibaWeb/TodayRaceInfo/Odds3LenFuku?k_babaCode=31&k_raceDate=2026%2F09%2F22&k_raceNo=11
2026-09-22 20:18:00,20:17,2026-09-22,kochi,11,2,三連複,4-8-9,21.1,21.1,5,https://www.keiba.go.jp/KeibaWeb/TodayRaceInfo/Odds3LenFuku?k_babaCode=31&k_raceDate=2026%2F09%2F22&k_raceNo=11
2026-09-22 20:18:00,20:17,2026-09-22,kochi,11,2,三連複,8-9-11,21.7,21.7,6,https://www.keiba.go.jp/KeibaWeb/TodayRaceInfo/Odds3LenFuku?k_babaCode=31&k_raceDate=2026%2F09%2F22&k_raceNo=11
2026-09-22 20:18:00,20:17,2026-09-22,kochi,11,2,三連複,4-7-8,25.6,25.6,7,https://www.keiba.go.jp/KeibaWeb/TodayRaceInfo/Odds3LenFuku?k_babaCode=31&k_raceDate=2026%2F09%2F22&k_raceNo=11
2026-09-22 20:18:00,20:17,2026-09-22,kochi,11,2,三連複,3-8-11,28.0,28.0,8,https://www.keiba.go.jp/KeibaWeb/TodayRaceInfo/Odds3LenFuku?k_babaCode=31&k_raceDate=2026%2F09%2F22&k_raceNo=11
2026-09-22 20:18:00,20:17,2026-09-22,kochi,11,2,三連複,4-8-10,31.9,31.9,9,https://www.keiba.go.jp/KeibaWeb/TodayRaceInfo/Odds3LenFuku?k_babaCode=31&k_raceDate=2026%2F09%2F22&k_raceNo=11
2026-09-22 20:18:00,20:17,2026-09-22,kochi,11,2,三連複,8-10-11,33.5,33.5,10,https://www.keiba.go.jp/KeibaWeb/TodayRaceInfo/Odds3LenFuku?k_babaCode=31&k_raceDate=2026%2F09%2F22&k_raceNo=11
2026-09-22 20:18:00,20:17,2026-09-22,kochi,11,2,三連複,7-8-11,34.3,34.3,11,https://www.keiba.go.jp/KeibaWeb/TodayRaceInfo/Odds3LenFuku?k_babaCode=31&k_raceDate=2026%2F09%2F22&k_raceNo=11
2026-09-22 20:18:00,20:17,2026-09-22,kochi,11,2,三連複,1-4-8,36.7,36.7,12,https://www.keiba.go.jp/KeibaWeb/TodayRaceInfo/Odds3LenFuku?k_babaCode=31&k_raceDate=2026%2F09%2F22&k_raceNo=11
2026-09-22 20:18:00,20:17,2026-09-22,kochi,11,2,三連複,5-8-9,36.8,36.8,13,https://www.keiba.go.jp/KeibaWeb/TodayRaceInfo/Odds3LenFuku?k_babaCode=31&k_raceDate=2026%2F09%2F22&k_raceNo=11
2026-09-22 20:18:00,20:17,2026-09-22,kochi,11,2,三連複,1-8-11,39.1,39.1,14,https://www.keiba.go.jp/KeibaWeb/TodayRaceInfo/Odds3LenFuku?k_babaCode=31&k_raceDate=2026%2F09%2F22&k_raceNo=11
2026-09-22 20:18:00,20:17,2026-09-22,kochi,11,2,三連複,3-5-8,43.0,43.0,15,https://www.keiba.go.jp/KeibaWeb/TodayRaceInfo/Odds3LenFuku?k_babaCode=31&k_raceDate=2026%2F09%2F22&k_raceNo=11
2026-09-22 20:18:00,20:17,2026-09-22,kochi,11,2,三連複,5-7-8,47.5,47.5,16,https://www.keiba.go.jp/KeibaWeb/TodayRaceInfo/Odds3LenFuku?k_babaCode=31&k_raceDate=2026%2F09%2F22&k_raceNo=11
2026-09-22 20:18:00,20:17,2026-09-22,kochi,11,2,三連複,4-5-11,48.0,48.0,17,https://www.keiba.go.jp/KeibaWeb/TodayRaceInfo/Odds3LenFuku?k_babaCode=31&k_raceDate=2026%2F09%2F22&k_raceNo=11
2026-09-22 20:18:00,20:17,2026-09-22,kochi,11,2,三連複,5-8-10,51.0,51.0,18,https://www.keiba.go.jp/KeibaWeb/TodayRaceInfo/Odds3LenFuku?k_babaCode=31&k_raceDate=2026%2F09%2F22&k_raceNo=11
2026-09-22 20:18:00,20:17,2026-09-22,kochi,11,2,三連複,2-4-8,53.6,53.6,19,https://www.keiba.go.jp/KeibaWeb/TodayRaceInfo/Odds3LenFuku?k_babaCode=31&k_raceDate=2026%2F09%2F22&k_raceNo=11
2026-09-22 20:18:00,20:17,2026-09-22,kochi,11,2,三連複,4-6-8,57.7,57.7,20,https://www.keiba.go.jp/KeibaWeb/TodayRaceInfo/Odds3LenFuku?k_babaCode=31&k_raceDate=2026%2F09%2F22&k_raceNo=11
2026-09-22 20:18:00,20:17,2026-09-22,kochi,11,2,三連複,4-8-12,59.9,59.9,21,https://www.keiba.go.jp/KeibaWeb/TodayRaceInfo/Odds3LenFuku?k_babaCode=31&k_raceDate=2026%2F09%2F22&k_raceNo=11
2026-09-22 20:18:00,20:17,2026-09-22,kochi,11,2,三連複,6-8-11,62.4,62.4,22,https://www.keiba.go.jp/KeibaWeb/TodayRaceInfo/Odds3LenFuku?k_babaCode=31&k_raceDate=2026%2F09%2F22&k_raceNo=11
2026-09-22 20:18:00,20:17,2026-09-22,kochi,11,2,三連複,8-11-12,63.8,63.8,23,https://www.keiba.go.jp/KeibaWeb/TodayRaceInfo/Odds3LenFuku?k_babaCode=31&k_raceDate=2026%2F09%2F22&k_raceNo=11
2026-09-22 20:18:00,20:17,2026-09-22,kochi,11,2,三連複,3-7-8,68.1,68.1,24,https://www.keiba.go.jp/KeibaWeb/TodayRaceInfo/Odds3LenFuku?k_babaCode=31&k_raceDate=2026%2F09%2F22&k_raceNo=11
2026-09-22 20:18:00,20:17,2026-09-22,kochi,11,2,三連複,3-8-9,68.1,68.1,24,https://www.keiba.go.jp/KeibaWeb/TodayRaceInfo/Odds3LenFuku?k_babaCode=31&k_raceDate=2026%2F09%2F22&k_raceNo=11
2026-09-22 20:18:00,20:17,2026-09-22,kochi,11,2,三連複,1-5-8,70.1,70.1,26,https://www.keiba.go.jp/KeibaWeb/TodayRaceInfo/Odds3LenFuku?k_babaCode=31&k_raceDate=2026%2F09%2F22&k_raceNo=11
2026-09-22 20:18:00,20:17,2026-09-22,kochi,11,2,三連複,2-8-11,71.0,71.0,27,https://www.keiba.go.jp/KeibaWeb/TodayRaceInfo/Odds3LenFuku?k_babaCode=31&k_raceDate=2026%2F09%2F22&k_raceNo=11
2026-09-22 20:18:00,20:17,2026-09-22,kochi,11,2,三連複,8-9-10,75.2,75.2,28,https://www.keiba.go.jp/KeibaWeb/TodayRaceInfo/Odds3LenFuku?k_babaCode=31&k_raceDate=2026%2F09%2F22&k_raceNo=11
2026-09-22 20:18:00,20:17,2026-09-22,kochi,11,2,三連複,2-5-8,85.4,85.4,29,https://www.keiba.go.jp/KeibaWeb/TodayRaceInfo/Odds3LenFuku?k_babaCode=31&k_raceDate=2026%2F09%2F22&k_raceNo=11
2026-09-22 20:18:00,20:17,2026-09-22,kochi,11,2,三連複,7-8-9,86.4,86.4,30,https://www.keiba.go.jp/KeibaWeb/TodayRaceInfo/Odds3LenFuku?k_babaCode=31&k_raceDate=2026%2F09%2F22&k_raceNo=11
2026-09-22 20:18:00,20:17,2026-09-22,kochi,11,2,三連複,5-6-8,87.8,87.8,31,https://www.keiba.go.jp/KeibaWeb/TodayRaceInfo/Odds3LenFuku?k_babaCode=31&k_raceDate=2026%2F09%2F22&k_raceNo=11
2026-09-22 20:18:00,20:17,2026-09-22,kochi,11,2,三連複,3-8-10,94.5,94.5,32,https://www.keiba.go.jp/KeibaWeb/TodayRaceInfo/Odds3LenFuku?k_babaCode=31&k_raceDate=2026%2F09%2F22&k_raceNo=11
2026-09-22 20:18:00,20:17,2026-09-22,kochi,11,2,三連複,4-9-11,94.6,94.6,33,https://www.keiba.go.jp/KeibaWeb/TodayRaceInfo/Odds3LenFuku?k_babaCode=31&k_raceDate=2026%2F09%2F22&k_raceNo=11
2026-09-22 20:18:00,20:17,2026-09-22,kochi,11,2,三連複,1-8-9,99.9,99.9,34,https://www.keiba.go.jp/KeibaWeb/TodayRaceInfo/Odds3LenFuku?k_babaCode=31&k_raceDate=2026%2F09%2F22&k_raceNo=11
2026-09-22 20:18:00,20:17,2026-09-22,kochi,11,2,三連複,1-3-8,102.9,102.9,35,https://www.keiba.go.jp/KeibaWeb/TodayRaceInfo/Odds3LenFuku?k_babaCode=31&k_raceDate=2026%2F09%2F22&k_raceNo=11
2026-09-22 20:18:00,20:17,2026-09-22,kochi,11,2,三連複,3-4-11,106.4,106.4,36,https://www.keiba.go.jp/KeibaWeb/TodayRaceInfo/Odds3LenFuku?k_babaCode=31&k_raceDate=2026%2F09%2F22&k_raceNo=11
2026-09-22 20:18:00,20:17,2026-09-22,kochi,11,2,三連複,5-8-12,108.1,108.1,37,https://www.keiba.go.jp/KeibaWeb/TodayRaceInfo/Odds3LenFuku?k_babaCode=31&k_raceDate=2026%2F09%2F22&k_raceNo=11
2026-09-22 20:18:00,20:17,2026-09-22,kochi,11,2,三連複,7-8-10,113.2,113.2,38,https://www.keiba.go.jp/KeibaWeb/TodayRaceInfo/Odds3LenFuku?k_babaCode=31&k_raceDate=2026%2F09%2F22&k_raceNo=11
2026-09-22 20:18:00,20:17,2026-09-22,kochi,11,2,三連複,3-4-5,125.5,125.5,39,https://www.keiba.go.jp/KeibaWeb/TodayRaceInfo/Odds3LenFuku?k_babaCode=31&k_raceDate=2026%2F09%2F22&k_raceNo=11
2026-09-22 20:18:00,20:17,2026-09-22,kochi,11,2,三連複,5-9-11,125.7,125.7,40,https://www.keiba.go.jp/KeibaWeb/TodayRaceInfo/Odds3LenFuku?k_babaCode=31&k_raceDate=2026%2F09%2F22&k_raceNo=11
2026-09-22 20:18:00,20:17,2026-09-22,kochi,11,2,三連複,2-8-9,130.1,130.1,41,https://www.keiba.go.jp/KeibaWeb/TodayRaceInfo/Odds3LenFuku?k_babaCode=31&k_raceDate=2026%2F09%2F22&k_raceNo=11
2026-09-22 20:18:00,20:17,2026-09-22,kochi,11,2,三連複,4-5-9,135.2,135.2,42,https://www.keiba.go.jp/KeibaWeb/TodayRaceInfo/Odds3LenFuku?k_babaCode=31&k_raceDate=2026%2F09%2F22&k_raceNo=11
2026-09-22 20:18:00,20:17,2026-09-22,kochi,11,2,三連複,4-7-11,143.7,143.7,43,https://www.keiba.go.jp/KeibaWeb/TodayRaceInfo/Odds3LenFuku?k_babaCode=31&k_raceDate=2026%2F09%2F22&k_raceNo=11
2026-09-22 20:18:00,20:17,2026-09-22,kochi,11,2,三連複,1-7-8,144.9,144.9,44,https://www.keiba.go.jp/KeibaWeb/TodayRaceInfo/Odds3LenFuku?k_babaCode=31&k_raceDate=2026%2F09%2F22&k_raceNo=11
2026-09-22 20:18:00,20:17,2026-09-22,kochi,11,2,三連複,2-3-8,149.0,149.0,45,https://www.keiba.go.jp/KeibaWeb/TodayRaceInfo/Odds3LenFuku?k_babaCode=31&k_raceDate=2026%2F09%2F22&k_raceNo=11
2026-09-22 20:18:00,20:17,2026-09-22,kochi,11,2,三連複,4-10-11,161.0,161.0,46,https://www.keiba.go.jp/KeibaWeb/TodayRaceInfo/Odds3LenFuku?k_babaCode=31&k_raceDate=2026%2F09%2F22&k_raceNo=11
2026-09-22 20:18:00,20:17,2026-09-22,kochi,11,2,三連複,1-8-10,164.1,164.1,47,https://www.keiba.go.jp/KeibaWeb/TodayRaceInfo/Odds3LenFuku?k_babaCode=31&k_raceDate=2026%2F09%2F22&k_raceNo=11
2026-09-22 20:18:00,20:17,2026-09-22,kochi,11,2,三連複,2-7-8,164.5,164.5,48,https://www.keiba.go.jp/KeibaWeb/TodayRaceInfo/Odds3LenFuku?k_babaCode=31&k_raceDate=2026%2F09%2F22&k_raceNo=11
2026-09-22 20:18:00,20:17,2026-09-22,kochi,11,2,三連複,8-9-12,168.5,168.5,49,https://www.keiba.go.jp/KeibaWeb/TodayRaceInfo/Odds3LenFuku?k_babaCode=31&k_raceDate=2026%2F09%2F22&k_raceNo=11
2026-09-22 20:18:00,20:17,2026-09-22,kochi,11,2,三連複,6-8-9,171.5,171.5,50,https://www.keiba.go.jp/KeibaWeb/TodayRaceInfo/Odds3LenFuku?k_babaCode=31&k_raceDate=2026%2F09%2F22&k_raceNo=11
2026-09-22 20:18:00,20:17,2026-09-22,kochi,11,2,三連複,1-6-8,174.5,174.5,51,https://www.keiba.go.jp/KeibaWeb/TodayRaceInfo/Odds3LenFuku?k_babaCode=31&k_raceDate=2026%2F09%2F22&k_raceNo=11
2026-09-22 20:18:00,20:17,2026-09-22,kochi,11,2,三連複,8-10-12,175.4,175.4,52,https://www.keiba.go.jp/KeibaWeb/TodayRaceInfo/Odds3LenFuku?k_babaCode=31&k_raceDate=2026%2F09%2F22&k_raceNo=11
2026-09-22 20:18:00,20:17,2026-09-22,kochi,11,2,三連複,4-5-7,176.3,176.3,53,https://www.keiba.go.jp/KeibaWeb/TodayRaceInfo/Odds3LenFuku?k_babaCode=31&k_raceDate=2026%2F09%2F22&k_raceNo=11
2026-09-22 20:18:00,20:17,2026-09-22,kochi,11,2,三連複,3-6-8,180.5,180.5,54,https://www.keiba.go.jp/KeibaWeb/TodayRaceInfo/Odds3LenFuku?k_babaCode=31&k_raceDate=2026%2F09%2F22&k_raceNo=11
2026-09-22 20:18:00,20:17,2026-09-22,kochi,11,2,三連複,1-4-11,181.0,181.0,55,https://www.keiba.go.jp/KeibaWeb/TodayRaceInfo/Odds3LenFuku?k_babaCode=31&k_raceDate=2026%2F09%2F22&k_raceNo=11
2026-09-22 20:18:00,20:17,2026-09-22,kochi,11,2,三連複,6-8-10,182.0,182.0,56,https://www.keiba.go.jp/KeibaWeb/TodayRaceInfo/Odds3LenFuku?k_babaCode=31&k_raceDate=2026%2F09%2F22&k_raceNo=11
2026-09-22 20:18:00,20:17,2026-09-22,kochi,11,2,三連複,2-8-10,182.4,182.4,57,https://www.keiba.go.jp/KeibaWeb/TodayRaceInfo/Odds3LenFuku?k_babaCode=31&k_raceDate=2026%2F09%2F22&k_raceNo=11
2026-09-22 20:18:00,20:17,2026-09-22,kochi,11,2,三連複,5-7-11,183.9,183.9,58,https://www.keiba.go.jp/KeibaWeb/TodayRaceInfo/Odds3LenFuku?k_babaCode=31&k_raceDate=2026%2F09%2F22&k_raceNo=11
2026-09-22 20:18:00,20:17,2026-09-22,kochi,11,2,三連複,6-7-8,184.9,184.9,59,https://www.keiba.go.jp/KeibaWeb/TodayRaceInfo/Odds3LenFuku?k_babaCode=31&k_raceDate=2026%2F09%2F22&k_raceNo=11
2026-09-22 20:18:00,20:17,2026-09-22,kochi,11,2,三連複,3-5-11,192.2,192.2,60,https://www.keiba.go.jp/KeibaWeb/TodayRaceInfo/Odds3LenFuku?k_babaCode=31&k_raceDate=2026%2F09%2F22&k_raceNo=11
2026-09-22 20:18:00,20:17,2026-09-22,kochi,11,2,三連複,7-8-12,192.7,192.7,61,https://www.keiba.go.jp/KeibaWeb/TodayRaceInfo/Odds3LenFuku?k_babaCode=31&k_raceDate=2026%2F09%2F22&k_raceNo=11
2026-09-22 20:18:00,20:17,2026-09-22,kochi,11,2,三連複,4-5-10,194.4,194.4,62,https://www.keiba.go.jp/KeibaWeb/TodayRaceInfo/Odds3LenFuku?k_babaCode=31&k_raceDate=2026%2F09%2F22&k_raceNo=11
2026-09-22 20:18:00,20:17,2026-09-22,kochi,11,2,三連複,1-2-8,195.5,195.5,63,https://www.keiba.go.jp/KeibaWeb/TodayRaceInfo/Odds3LenFuku?k_babaCode=31&k_raceDate=2026%2F09%2F22&k_raceNo=11
2026-09-22 20:18:00,20:17,2026-09-22,kochi,11,2,三連複,3-4-7,196.0,196.0,64,https://www.keiba.go.jp/KeibaWeb/TodayRaceInfo/Odds3LenFuku?k_babaCode=31&k_raceDate=2026%2F09%2F22&k_raceNo=11
2026-09-22 20:18:00,20:17,2026-09-22,kochi,11,2,三連複,3-8-12,204.8,204.8,65,https://www.keiba.go.jp/KeibaWeb/TodayRaceInfo/Odds3LenFuku?k_babaCode=31&k_raceDate=2026%2F09%2F22&k_raceNo=11
2026-09-22 20:18:00,20:17,2026-09-22,kochi,11,2,三連複,2-6-8,209.9,209.9,66,https://www.keiba.go.jp/KeibaWeb/TodayRaceInfo/Odds3LenFuku?k_babaCode=31&k_raceDate=2026%2F09%2F22&k_raceNo=11
2026-09-22 20:18:00,20:17,2026-09-22,kochi,11,2,三連複,1-3-4,213.8,213.8,67,https://www.keiba.go.jp/KeibaWeb/TodayRaceInfo/Odds3LenFuku?k_babaCode=31&k_raceDate=2026%2F09%2F22&k_raceNo=11
2026-09-22 20:18:00,20:17,2026-09-22,kochi,11,2,三連複,5-10-11,214.5,214.5,68,https://www.keiba.go.jp/KeibaWeb/TodayRaceInfo/Odds3LenFuku?k_babaCode=31&k_raceDate=2026%2F09%2F22&k_raceNo=11
2026-09-22 20:18:00,20:17,2026-09-22,kochi,11,2,三連複,3-4-9,231.9,231.9,69,https://www.keiba.go.jp/KeibaWeb/TodayRaceInfo/Odds3LenFuku?k_babaCode=31&k_raceDate=2026%2F09%2F22&k_raceNo=11
2026-09-22 20:18:00,20:17,2026-09-22,kochi,11,2,三連複,9-10-11,235.1,235.1,70,https://www.keiba.go.jp/KeibaWeb/TodayRaceInfo/Odds3LenFuku?k_babaCode=31&k_raceDate=2026%2F09%2F22&k_raceNo=11
2026-09-22 20:18:00,20:17,2026-09-22,kochi,11,2,三連複,1-5-11,248.8,248.8,71,https://www.keiba.go.jp/KeibaWeb/TodayRaceInfo/Odds3LenFuku?k_babaCode=31&k_raceDate=2026%2F09%2F22&k_raceNo=11
2026-09-22 20:18:00,20:17,2026-09-22,kochi,11,2,三連複,1-4-5,262.1,262.1,72,https://www.keiba.go.jp/KeibaWeb/TodayRaceInfo/Odds3LenFuku?k_babaCode=31&k_raceDate=2026%2F09%2F22&k_raceNo=11
2026-09-22 20:18:00,20:17,2026-09-22,kochi,11,2,三連複,2-4-5,267.3,267.3,73,https://www.keiba.go.jp/KeibaWeb/TodayRaceInfo/Odds3LenFuku?k_babaCode=31&k_raceDate=2026%2F09%2F22&k_raceNo=11
2026-09-22 20:18:00,20:17,2026-09-22,kochi,11,2,三連複,1-8-12,269.4,269.4,74,https://www.keiba.go.jp/KeibaWeb/TodayRaceInfo/Odds3LenFuku?k_babaCode=31&k_raceDate=2026%2F09%2F22&k_raceNo=11
2026-09-22 20:18:00,20:17,2026-09-22,kochi,11,2,三連複,4-6-11,279.3,279.3,75,https://www.keiba.go.jp/KeibaWeb/TodayRaceInfo/Odds3LenFuku?k_babaCode=31&k_raceDate=2026%2F09%2F22&k_raceNo=11
2026-09-22 20:18:00,20:17,2026-09-22,kochi,11,2,三連複,3-9-11,281.6,281.6,76,https://www.keiba.go.jp/KeibaWeb/TodayRaceInfo/Odds3LenFuku?k_babaCode=31&k_raceDate=2026%2F09%2F22&k_raceNo=11
2026-09-22 20:18:00,20:17,2026-09-22,kochi,11,2,三連複,3-4-10,283.9,283.9,77,https://www.keiba.go.jp/KeibaWeb/TodayRaceInfo/Odds3LenFuku?k_babaCode=31&k_raceDate=2026%2F09%2F22&k_raceNo=11
2026-09-22 20:18:00,20:17,2026-09-22,kochi,11,2,三連複,4-9-10,298.8,298.8,78,https://www.keiba.go.jp/KeibaWeb/TodayRaceInfo/Odds3LenFuku?k_babaCode=31&k_raceDate=2026%2F09%2F22&k_raceNo=11
2026-09-22 20:18:00,20:17,2026-09-22,kochi,11,2,三連複,4-11-12,321.2,321.2,79,https://www.keiba.go.jp/KeibaWeb/TodayRaceInfo/Odds3LenFuku?k_babaCode=31&k_raceDate=2026%2F09%2F22&k_raceNo=11
2026-09-22 20:18:00,20:17,2026-09-22,kochi,11,2,三連複,6-8-12,321.2,321.2,79,https://www.keiba.go.jp/KeibaWeb/TodayRaceInfo/Odds3LenFuku?k_babaCode=31&k_raceDate=2026%2F09%2F22&k_raceNo=11
2026-09-22 20:18:00,20:17,2026-09-22,kochi,11,2,三連複,2-8-12,325.8,325.8,81,https://www.keiba.go.jp/KeibaWeb/TodayRaceInfo/Odds3LenFuku?k_babaCode=31&k_raceDate=2026%2F09%2F22&k_raceNo=11
2026-09-22 20:18:00,20:17,2026-09-22,kochi,11,2,三連複,2-4-11,333.8,333.8,82,https://www.keiba.go.jp/KeibaWeb/TodayRaceInfo/Odds3LenFuku?k_babaCode=31&k_raceDate=2026%2F09%2F22&k_raceNo=11
2026-09-22 20:18:00,20:17,2026-09-22,kochi,11,2,三連複,2-5-11,333.8,333.8,82,https://www.keiba.go.jp/KeibaWeb/TodayRaceInfo/Odds3LenFuku?k_babaCode=31&k_raceDate=2026%2F09%2F22&k_raceNo=11
2026-09-22 20:18:00,20:17,2026-09-22,kochi,11,2,三連複,4-5-6,335.4,335.4,84,https://www.keiba.go.jp/KeibaWeb/TodayRaceInfo/Odds3LenFuku?k_babaCode=31&k_raceDate=2026%2F09%2F22&k_raceNo=11
2026-09-22 20:18:00,20:17,2026-09-22,kochi,11,2,三連複,5-6-11,354.5,354.5,85,https://www.keiba.go.jp/KeibaWeb/TodayRaceInfo/Odds3LenFuku?k_babaCode=31&k_raceDate=2026%2F09%2F22&k_raceNo=11
2026-09-22 20:18:00,20:17,2026-09-22,kochi,11,2,三連複,3-7-11,391.0,391.0,86,https://www.keiba.go.jp/KeibaWeb/TodayRaceInfo/Odds3LenFuku?k_babaCode=31&k_raceDate=2026%2F09%2F22&k_raceNo=11
2026-09-22 20:18:00,20:17,2026-09-22,kochi,11,2,三連複,1-9-11,419.8,419.8,87,https://www.keiba.go.jp/KeibaWeb/TodayRaceInfo/Odds3LenFuku?k_babaCode=31&k_raceDate=2026%2F09%2F22&k_raceNo=11
2026-09-22 20:18:00,20:17,2026-09-22,kochi,11,2,三連複,3-5-9,419.8,419.8,87,https://www.keiba.go.jp/KeibaWeb/TodayRaceInfo/Odds3LenFuku?k_babaCode=31&k_raceDate=2026%2F09%2F22&k_raceNo=11
2026-09-22 20:18:00,20:17,2026-09-22,kochi,11,2,三連複,5-11-12,430.3,430.3,89,https://www.keiba.go.jp/KeibaWeb/TodayRaceInfo/Odds3LenFuku?k_babaCode=31&k_raceDate=2026%2F09%2F22&k_raceNo=11
2026-09-22 20:18:00,20:17,2026-09-22,kochi,11,2,三連複,1-3-11,444.3,444.3,90,https://www.keiba.go.jp/KeibaWeb/TodayRaceInfo/Odds3LenFuku?k_babaCode=31&k_raceDate=2026%2F09%2F22&k_raceNo=11
2026-09-22 20:18:00,20:17,2026-09-22,kochi,11,2,三連複,4-7-9,447.2,447.2,91,https://www.keiba.go.jp/KeibaWeb/TodayRaceInfo/Odds3LenFuku?k_babaCode=31&k_raceDate=2026%2F09%2F22&k_raceNo=11
2026-09-22 20:18:00,20:17,2026-09-22,kochi,11,2,三連複,5-9-10,468.7,468.7,92,https://www.keiba.go.jp/KeibaWeb/TodayRaceInfo/Odds3LenFuku?k_babaCode=31&k_raceDate=2026%2F09%2F22&k_raceNo=11
2026-09-22 20:18:00,20:17,2026-09-22,kochi,11,2,三連複,2-3-4,471.9,471.9,93,https://www.keiba.go.jp/KeibaWeb/TodayRaceInfo/Odds3LenFuku?k_babaCode=31&k_raceDate=2026%2F09%2F22&k_raceNo=11
2026-09-22 20:18:00,20:17,2026-09-22,kochi,11,2,三連複,1-4-9,485.3,485.3,94,https://www.keiba.go.jp/KeibaWeb/TodayRaceInfo/Odds3LenFuku?k_babaCode=31&k_raceDate=2026%2F09%2F22&k_raceNo=11
2026-09-22 20:18:00,20:17,2026-09-22,kochi,11,2,三連複,2-4-9,499.5,499.5,95,https://www.keiba.go.jp/KeibaWeb/TodayRaceInfo/Odds3LenFuku?k_babaCode=31&k_raceDate=2026%2F09%2F22&k_raceNo=11
2026-09-22 20:18:00,20:17,2026-09-22,kochi,11,2,三連複,3-10-11,499.5,499.5,95,https://www.keiba.go.jp/KeibaWeb/TodayRaceInfo/Odds3LenFuku?k_babaCode=31&k_raceDate=2026%2F09%2F22&k_raceNo=11
2026-09-22 20:18:00,20:17,2026-09-22,kochi,11,2,三連複,7-9-11,503.1,503.1,97,https://www.keiba.go.jp/KeibaWeb/TodayRaceInfo/Odds3LenFuku?k_babaCode=31&k_raceDate=2026%2F09%2F22&k_raceNo=11
2026-09-22 20:18:00,20:17,2026-09-22,kochi,11,2,三連複,4-5-12,506.9,506.9,98,https://www.keiba.go.jp/KeibaWeb/TodayRaceInfo/Odds3LenFuku?k_babaCode=31&k_raceDate=2026%2F09%2F22&k_raceNo=11
2026-09-22 20:18:00,20:17,2026-09-22,kochi,11,2,三連複,2-5-9,534.6,534.6,99,https://www.keiba.go.jp/KeibaWeb/TodayRaceInfo/Odds3LenFuku?k_babaCode=31&k_raceDate=2026%2F09%2F22&k_raceNo=11
2026-09-22 20:18:00,20:17,2026-09-22,kochi,11,2,三連複,1-10-11,547.4,547.4,100,https://www.keiba.go.jp/KeibaWeb/TodayRaceInfo/Odds3LenFuku?k_babaCode=31&k_raceDate=2026%2F09%2F22&k_raceNo=11
2026-09-22 20:18:00,20:17,2026-09-22,kochi,11,2,三連複,3-5-7,551.8,551.8,101,https://www.keiba.go.jp/KeibaWeb/TodayRaceInfo/Odds3LenFuku?k_babaCode=31&k_raceDate=2026%2F09%2F22&k_raceNo=11
2026-09-22 20:18:00,20:17,2026-09-22,kochi,11,2,三連複,1-5-9,560.9,560.9,102,https://www.keiba.go.jp/KeibaWeb/TodayRaceInfo/Odds3LenFuku?k_babaCode=31&k_raceDate=2026%2F09%2F22&k_raceNo=11
2026-09-22 20:18:00,20:17,2026-09-22,kochi,11,2,三連複,2-9-11,579.9,579.9,103,https://www.keiba.go.jp/KeibaWeb/TodayRaceInfo/Odds3LenFuku?k_babaCode=31&k_raceDate=2026%2F09%2F22&k_raceNo=11
2026-09-22 20:18:00,20:17,2026-09-22,kochi,11,2,三連複,1-3-5,595.0,595.0,104,https://www.keiba.go.jp/KeibaWeb/TodayRaceInfo/Odds3LenFuku?k_babaCode=31&k_raceDate=2026%2F09%2F22&k_raceNo=11
2026-09-22 20:18:00,20:17,2026-09-22,kochi,11,2,三連複,3-4-12,595.0,595.0,104,https://www.keiba.go.jp/KeibaWeb/TodayRaceInfo/Odds3LenFuku?k_babaCode=31&k_raceDate=2026%2F09%2F22&k_raceNo=11
2026-09-22 20:18:00,20:17,2026-09-22,kochi,11,2,三連複,1-4-10,600.2,600.2,106,https://www.keiba.go.jp/KeibaWeb/TodayRaceInfo/Odds3LenFuku?k_babaCode=31&k_raceDate=2026%2F09%2F22&k_raceNo=11
2026-09-22 20:18:00,20:17,2026-09-22,kochi,11,2,三連複,3-5-10,600.2,600.2,106,https://www.keiba.go.jp/KeibaWeb/TodayRaceInfo/Odds3LenFuku?k_babaCode=31&k_raceDate=2026%2F09%2F22&k_raceNo=11
2026-09-22 20:18:00,20:17,2026-09-22,kochi,11,2,三連複,3-4-6,639.5,639.5,108,https://www.keiba.go.jp/KeibaWeb/TodayRaceInfo/Odds3LenFuku?k_babaCode=31&k_raceDate=2026%2F09%2F22&k_raceNo=11
2026-09-22 20:18:00,20:17,2026-09-22,kochi,11,2,三連複,2-7-11,651.7,651.7,109,https://www.keiba.go.jp/KeibaWeb/TodayRaceInfo/Odds3LenFuku?k_babaCode=31&k_raceDate=2026%2F09%2F22&k_raceNo=11
2026-09-22 20:18:00,20:17,2026-09-22,kochi,11,2,三連複,2-3-5,658.0,658.0,110,https://www.keiba.go.jp/KeibaWeb/TodayRaceInfo/Odds3LenFuku?k_babaCode=31&k_raceDate=2026%2F09%2F22&k_raceNo=11
2026-09-22 20:18:00,20:17,2026-09-22,kochi,11,2,三連複,7-10-11,664.3,664.3,111,https://www.keiba.go.jp/KeibaWeb/TodayRaceInfo/Odds3LenFuku?k_babaCode=31&k_raceDate=2026%2F09%2F22&k_raceNo=11
2026-09-22 20:18:00,20:17,2026-09-22,kochi,11,2,三連複,1-7-11,677.5,677.5,112,https://www.keiba.go.jp/KeibaWeb/TodayRaceInfo/Odds3LenFuku?k_babaCode=31&k_raceDate=2026%2F09%2F22&k_raceNo=11
2026-09-22 20:18:00,20:17,2026-09-22,kochi,11,2,三連複,10-11-12,684.3,684.3,113,https://www.keiba.go.jp/KeibaWeb/TodayRaceInfo/Odds3LenFuku?k_babaCode=31&k_raceDate=2026%2F09%2F22&k_raceNo=11
2026-09-22 20:18:00,20:17,2026-09-22,kochi,11,2,三連複,6-9-11,705.4,705.4,114,https://www.keiba.go.jp/KeibaWeb/TodayRaceInfo/Odds3LenFuku?k_babaCode=31&k_raceDate=2026%2F09%2F22&k_raceNo=11
2026-09-22 20:18:00,20:17,2026-09-22,kochi,11,2,三連複,4-6-9,720.3,720.3,115,https://www.keiba.go.jp/KeibaWeb/TodayRaceInfo/Odds3LenFuku?k_babaCode=31&k_raceDate=2026%2F09%2F22&k_raceNo=11
2026-09-22 20:18:00,20:17,2026-09-22,kochi,11,2,三連複,4-7-10,720.3,720.3,115,https://www.keiba.go.jp/KeibaWeb/TodayRaceInfo/Odds3LenFuku?k_babaCode=31&k_raceDate=2026%2F09%2F22&k_raceNo=11
2026-09-22 20:18:00,20:17,2026-09-22,kochi,11,2,三連複,1-6-11,735.8,735.8,117,https://www.keiba.go.jp/KeibaWeb/TodayRaceInfo/Odds3LenFuku?k_babaCode=31&k_raceDate=2026%2F09%2F22&k_raceNo=11
2026-09-22 20:18:00,20:17,2026-09-22,kochi,11,2,三連複,2-5-10,735.8,735.8,117,https://www.keiba.go.jp/KeibaWeb/TodayRaceInfo/Odds3LenFuku?k_babaCode=31&k_raceDate=2026%2F09%2F22&k_raceNo=11
2026-09-22 20:18:00,20:17,2026-09-22,kochi,11,2,三連複,1-4-7,760.3,760.3,119,https://www.keiba.go.jp/KeibaWeb/TodayRaceInfo/Odds3LenFuku?k_babaCode=31&k_raceDate=2026%2F09%2F22&k_raceNo=11
2026-09-22 20:18:00,20:17,2026-09-22,kochi,11,2,三連複,2-4-10,760.3,760.3,119,https://www.keiba.go.jp/KeibaWeb/TodayRaceInfo/Odds3LenFuku?k_babaCode=31&k_raceDate=2026%2F09%2F22&k_raceNo=11
2026-09-22 20:18:00,20:17,2026-09-22,kochi,11,2,三連複,6-10-11,760.3,760.3,119,https://www.keiba.go.jp/KeibaWeb/TodayRaceInfo/Odds3LenFuku?k_babaCode=31&k_raceDate=2026%2F09%2F22&k_raceNo=11
2026-09-22 20:18:00,20:17,2026-09-22,kochi,11,2,三連複,1-5-10,786.5,786.5,122,https://www.keiba.go.jp/KeibaWeb/TodayRaceInfo/Odds3LenFuku?k_babaCode=31&k_raceDate=2026%2F09%2F22&k_raceNo=11
2026-09-22 20:18:00,20:17,2026-09-22,kochi,11,2,三連複,4-6-10,805.0,805.0,123,https://www.keiba.go.jp/KeibaWeb/TodayRaceInfo/Odds3LenFuku?k_babaCode=31&k_raceDate=2026%2F09%2F22&k_raceNo=11
2026-09-22 20:18:00,20:17,2026-09-22,kochi,11,2,三連複,1-2-5,814.6,814.6,124,https://www.keiba.go.jp/KeibaWeb/TodayRaceInfo/Odds3LenFuku?k_babaCode=31&k_raceDate=2026%2F09%2F22&k_raceNo=11
2026-09-22 20:18:00,20:17,2026-09-22,kochi,11,2,三連複,2-10-11,814.6,814.6,124,https://www.keiba.go.jp/KeibaWeb/TodayRaceInfo/Odds3LenFuku?k_babaCode=31&k_raceDate=2026%2F09%2F22&k_raceNo=11
2026-09-22 20:18:00,20:17,2026-09-22,kochi,11,2,三連複,3-11-12,814.6,814.6,124,https://www.keiba.go.jp/KeibaWeb/TodayRaceInfo/Odds3LenFuku?k_babaCode=31&k_raceDate=2026%2F09%2F22&k_raceNo=11
2026-09-22 20:18:00,20:17,2026-09-22,kochi,11,2,三連複,4-10-12,824.4,824.4,127,https://www.keiba.go.jp/KeibaWeb/TodayRaceInfo/Odds3LenFuku?k_babaCode=31&k_raceDate=2026%2F09%2F22&k_raceNo=11
2026-09-22 20:18:00,20:17,2026-09-22,kochi,11,2,三連複,1-2-4,855.4,855.4,128,https://www.keiba.go.jp/KeibaWeb/TodayRaceInfo/Odds3LenFuku?k_babaCode=31&k_raceDate=2026%2F09%2F22&k_raceNo=11
2026-09-22 20:18:00,20:17,2026-09-22,kochi,11,2,三連複,1-11-12,855.4,855.4,128,https://www.keiba.go.jp/KeibaWeb/TodayRaceInfo/Odds3LenFuku?k_babaCode=31&k_raceDate=2026%2F09%2F22&k_raceNo=11
2026-09-22 20:18:00,20:17,2026-09-22,kochi,11,2,三連複,3-9-10,900.4,900.4,130,https://www.keiba.go.jp/KeibaWeb/TodayRaceInfo/Odds3LenFuku?k_babaCode=31&k_raceDate=2026%2F09%2F22&k_raceNo=11
2026-09-22 20:18:00,20:17,2026-09-22,kochi,11,2,三連複,2-3-11,912.4,912.4,131,https://www.keiba.go.jp/KeibaWeb/TodayRaceInfo/Odds3LenFuku?k_babaCode=31&k_raceDate=2026%2F09%2F22&k_raceNo=11
2026-09-22 20:18:00,20:17,2026-09-22,kochi,11,2,三連複,2-4-6,912.4,912.4,131,https://www.keiba.go.jp/KeibaWeb/TodayRaceInfo/Odds3LenFuku?k_babaCode=31&k_raceDate=2026%2F09%2F22&k_raceNo=11
2026-09-22 20:18:00,20:17,2026-09-22,kochi,11,2,三連複,2-4-7,912.4,912.4,131,https://www.keiba.go.jp/KeibaWeb/TodayRaceInfo/Odds3LenFuku?k_babaCode=31&k_raceDate=2026%2F09%2F22&k_raceNo=11
2026-09-22 20:18:00,20:17,2026-09-22,kochi,11,2,三連複,5-7-10,912.4,912.4,131,https://www.keiba.go.jp/KeibaWeb/TodayRaceInfo/Odds3LenFuku?k_babaCode=31&k_raceDate=2026%2F09%2F22&k_raceNo=11
2026-09-22 20:18:00,20:17,2026-09-22,kochi,11,2,三連複,5-7-9,924.7,924.7,135,https://www.keiba.go.jp/KeibaWeb/TodayRaceInfo/Odds3LenFuku?k_babaCode=31&k_raceDate=2026%2F09%2F22&k_raceNo=11
2026-09-22 20:18:00,20:17,2026-09-22,kochi,11,2,三連複,1-5-6,937.4,937.4,136,https://www.keiba.go.jp/KeibaWeb/TodayRaceInfo/Odds3LenFuku?k_babaCode=31&k_raceDate=2026%2F09%2F22&k_raceNo=11
2026-09-22 20:18:00,20:17,2026-09-22,kochi,11,2,三連複,9-11-12,937.4,937.4,136,https://www.keiba.go.jp/KeibaWeb/TodayRaceInfo/Odds3LenFuku?k_babaCode=31&k_raceDate=2026%2F09%2F22&k_raceNo=11
2026-09-22 20:18:00,20:17,2026-09-22,kochi,11,2,三連複,2-5-7,950.4,950.4,138,https://www.keiba.go.jp/KeibaWeb/TodayRaceInfo/Odds3LenFuku?k_babaCode=31&k_raceDate=2026%2F09%2F22&k_raceNo=11
2026-09-22 20:18:00,20:17,2026-09-22,kochi,11,2,三連複,1-4-6,991.7,991.7,139,https://www.keiba.go.jp/KeibaWeb/TodayRaceInfo/Odds3LenFuku?k_babaCode=31&k_raceDate=2026%2F09%2F22&k_raceNo=11
2026-09-22 20:18:00,20:17,2026-09-22,kochi,11,2,三連複,5-6-9,1006.3,1006.3,140,https://www.keiba.go.jp/KeibaWeb/TodayRaceInfo/Odds3LenFuku?k_babaCode=31&k_raceDate=2026%2F09%2F22&k_raceNo=11
2026-09-22 20:18:00,20:17,2026-09-22,kochi,11,2,三連複,1-9-10,1021.3,1021.3,141,https://www.keiba.go.jp/KeibaWeb/TodayRaceInfo/Odds3LenFuku?k_babaCode=31&k_raceDate=2026%2F09%2F22&k_raceNo=11
2026-09-22 20:18:00,20:17,2026-09-22,kochi,11,2,三連複,2-6-11,1036.8,1036.8,142,https://www.keiba.go.jp/KeibaWeb/TodayRaceInfo/Odds3LenFuku?k_babaCode=31&k_raceDate=2026%2F09%2F22&k_raceNo=11
2026-09-22 20:18:00,20:17,2026-09-22,kochi,11,2,三連複,6-7-11,1052.8,1052.8,143,https://www.keiba.go.jp/KeibaWeb/TodayRaceInfo/Odds3LenFuku?k_babaCode=31&k_raceDate=2026%2F09%2F22&k_raceNo=11
2026-09-22 20:18:00,20:17,2026-09-22,kochi,11,2,三連複,1-3-9,1069.2,1069.2,144,https://www.keiba.go.jp/KeibaWeb/TodayRaceInfo/Odds3LenFuku?k_babaCode=31&k_raceDate=2026%2F09%2F22&k_raceNo=11
2026-09-22 20:18:00,20:17,2026-09-22,kochi,11,2,三連複,3-6-11,1086.2,1086.2,145,https://www.keiba.go.jp/KeibaWeb/TodayRaceInfo/Odds3LenFuku?k_babaCode=31&k_raceDate=2026%2F09%2F22&k_raceNo=11
2026-09-22 20:18:00,20:17,2026-09-22,kochi,11,2,三連複,4-7-12,1086.2,1086.2,145,https://www.keiba.go.jp/KeibaWeb/TodayRaceInfo/Odds3LenFuku?k_babaCode=31&k_raceDate=2026%2F09%2F22&k_raceNo=11
2026-09-22 20:18:00,20:17,2026-09-22,kochi,11,2,三連複,1-2-11,1103.7,1103.7,147,https://www.keiba.go.jp/KeibaWeb/TodayRaceInfo/Odds3LenFuku?k_babaCode=31&k_raceDate=2026%2F09%2F22&k_raceNo=11
2026-09-22 20:18:00,20:17,2026-09-22,kochi,11,2,三連複,1-5-7,1103.7,1103.7,147,https://www.keiba.go.jp/KeibaWeb/TodayRaceInfo/Odds3LenFuku?k_babaCode=31&k_raceDate=2026%2F09%2F22&k_raceNo=11
2026-09-22 20:18:00,20:17,2026-09-22,kochi,11,2,三連複,1-2-3,1121.8,1121.8,149,https://www.keiba.go.jp/KeibaWeb/TodayRaceInfo/Odds3LenFuku?k_babaCode=31&k_raceDate=2026%2F09%2F22&k_raceNo=11
2026-09-22 20:18:00,20:17,2026-09-22,kochi,11,2,三連複,2-11-12,1121.8,1121.8,149,https://www.keiba.go.jp/KeibaWeb/TodayRaceInfo/Odds3LenFuku?k_babaCode=31&k_raceDate=2026%2F09%2F22&k_raceNo=11
2026-09-22 20:18:00,20:17,2026-09-22,kochi,11,2,三連複,5-6-10,1121.8,1121.8,149,https://www.keiba.go.jp/KeibaWeb/TodayRaceInfo/Odds3LenFuku?k_babaCode=31&k_raceDate=2026%2F09%2F22&k_raceNo=11
2026-09-22 20:18:00,20:17,2026-09-22,kochi,11,2,三連複,4-6-7,1140.5,1140.5,152,https://www.keiba.go.jp/KeibaWeb/TodayRaceInfo/Odds3LenFuku?k_babaCode=31&k_raceDate=2026%2F09%2F22&k_raceNo=11
2026-09-22 20:18:00,20:17,2026-09-22,kochi,11,2,三連複,2-7-10,1179.8,1179.8,153,https://www.keiba.go.jp/KeibaWeb/TodayRaceInfo/Odds3LenFuku?k_babaCode=31&k_raceDate=2026%2F09%2F22&k_raceNo=11
2026-09-22 20:18:00,20:17,2026-09-22,kochi,11,2,三連複,5-9-12,1179.8,1179.8,153,https://www.keiba.go.jp/KeibaWeb/TodayRaceInfo/Odds3LenFuku?k_babaCode=31&k_raceDate=2026%2F09%2F22&k_raceNo=11
2026-09-22 20:18:00,20:17,2026-09-22,kochi,11,2,三連複,2-3-9,1200.5,1200.5,155,https://www.keiba.go.jp/KeibaWeb/TodayRaceInfo/Odds3LenFuku?k_babaCode=31&k_raceDate=2026%2F09%2F22&k_raceNo=11
2026-09-22 20:18:00,20:17,2026-09-22,kochi,11,2,三連複,3-7-10,1200.5,1200.5,155,https://www.keiba.go.jp/KeibaWeb/TodayRaceInfo/Odds3LenFuku?k_babaCode=31&k_raceDate=2026%2F09%2F22&k_raceNo=11
2026-09-22 20:18:00,20:17,2026-09-22,kochi,11,2,三連複,4-9-12,1200.5,1200.5,155,https://www.keiba.go.jp/KeibaWeb/TodayRaceInfo/Odds3LenFuku?k_babaCode=31&k_raceDate=2026%2F09%2F22&k_raceNo=11
2026-09-22 20:18:00,20:17,2026-09-22,kochi,11,2,三連複,7-11-12,1200.5,1200.5,155,https://www.keiba.go.jp/KeibaWeb/TodayRaceInfo/Odds3LenFuku?k_babaCode=31&k_raceDate=2026%2F09%2F22&k_raceNo=11
2026-09-22 20:18:00,20:17,2026-09-22,kochi,11,2,三連複,1-3-10,1244.2,1244.2,159,https://www.keiba.go.jp/KeibaWeb/TodayRaceInfo/Odds3LenFuku?k_babaCode=31&k_raceDate=2026%2F09%2F22&k_raceNo=11
2026-09-22 20:18:00,20:17,2026-09-22,kochi,11,2,三連複,1-2-9,1291.1,1291.1,160,https://www.keiba.go.jp/KeibaWeb/TodayRaceInfo/Odds3LenFuku?k_babaCode=31&k_raceDate=2026%2F09%2F22&k_raceNo=11
2026-09-22 20:18:00,20:17,2026-09-22,kochi,11,2,三連複,2-7-9,1291.1,1291.1,160,https://www.keiba.go.jp/KeibaWeb/TodayRaceInfo/Odds3LenFuku?k_babaCode=31&k_raceDate=2026%2F09%2F22&k_raceNo=11
2026-09-22 20:18:00,20:17,2026-09-22,kochi,11,2,三連複,3-7-9,1291.1,1291.1,160,https://www.keiba.go.jp/KeibaWeb/TodayRaceInfo/Odds3LenFuku?k_babaCode=31&k_raceDate=2026%2F09%2F22&k_raceNo=11
2026-09-22 20:18:00,20:17,2026-09-22,kochi,11,2,三連複,1-4-12,1316.0,1316.0,163,https://www.keiba.go.jp/KeibaWeb/TodayRaceInfo/Odds3LenFuku?k_babaCode=31&k_raceDate=2026%2F09%2F22&k_raceNo=11
2026-09-22 20:18:00,20:17,2026-09-22,kochi,11,2,三連複,2-5-6,1341.8,1341.8,164,https://www.keiba.go.jp/KeibaWeb/TodayRaceInfo/Odds3LenFuku?k_babaCode=31&k_raceDate=2026%2F09%2F22&k_raceNo=11
2026-09-22 20:18:00,20:17,2026-09-22,kochi,11,2,三連複,2-6-7,1341.8,1341.8,164,https://www.keiba.go.jp/KeibaWeb/TodayRaceInfo/Odds3LenFuku?k_babaCode=31&k_raceDate=2026%2F09%2F22&k_raceNo=11
2026-09-22 20:18:00,20:17,2026-09-22,kochi,11,2,三連複,3-5-12,1341.8,1341.8,164,https://www.keiba.go.jp/KeibaWeb/TodayRaceInfo/Odds3LenFuku?k_babaCode=31&k_raceDate=2026%2F09%2F22&k_raceNo=11
2026-09-22 20:18:00,20:17,2026-09-22,kochi,11,2,三連複,6-11-12,1341.8,1341.8,164,https://www.keiba.go.jp/KeibaWeb/TodayRaceInfo/Odds3LenFuku?k_babaCode=31&k_raceDate=2026%2F09%2F22&k_raceNo=11
2026-09-22 20:18:00,20:17,2026-09-22,kochi,11,2,三連複,2-5-12,1396.5,1396.5,168,https://www.keiba.go.jp/KeibaWeb/TodayRaceInfo/Odds3LenFuku?k_babaCode=31&k_raceDate=2026%2F09%2F22&k_raceNo=11
2026-09-22 20:18:00,20:17,2026-09-22,kochi,11,2,三連複,1-5-12,1456.0,1456.0,169,https://www.keiba.go.jp/KeibaWeb/TodayRaceInfo/Odds3LenFuku?k_babaCode=31&k_raceDate=2026%2F09%2F22&k_raceNo=11
2026-09-22 20:18:00,20:17,2026-09-22,kochi,11,2,三連複,5-10-12,1487.6,1487.6,170,https://www.keiba.go.jp/KeibaWeb/TodayRaceInfo/Odds3LenFuku?k_babaCode=31&k_raceDate=2026%2F09%2F22&k_raceNo=11
2026-09-22 20:18:00,20:17,2026-09-22,kochi,11,2,三連複,2-4-12,1520.7,1520.7,171,https://www.keiba.go.jp/KeibaWeb/TodayRaceInfo/Odds3LenFuku?k_babaCode=31&k_raceDate=2026%2F09%2F22&k_raceNo=11
2026-09-22 20:18:00,20:17,2026-09-22,kochi,11,2,三連複,3-5-6,1591.4,1591.4,172,https://www.keiba.go.jp/KeibaWeb/TodayRaceInfo/Odds3LenFuku?k_babaCode=31&k_raceDate=2026%2F09%2F22&k_raceNo=11
2026-09-22 20:18:00,20:17,2026-09-22,kochi,11,2,三連複,3-6-9,1591.4,1591.4,172,https://www.keiba.go.jp/KeibaWeb/TodayRaceInfo/Odds3LenFuku?k_babaCode=31&k_raceDate=2026%2F09%2F22&k_raceNo=11
2026-09-22 20:18:00,20:17,2026-09-22,kochi,11,2,三連複,5-6-7,1629.3,1629.3,174,https://www.keiba.go.jp/KeibaWeb/TodayRaceInfo/Odds3LenFuku?k_babaCode=31&k_raceDate=2026%2F09%2F22&k_raceNo=11
2026-09-22 20:18:00,20:17,2026-09-22,kochi,11,2,三連複,2-3-7,1669.0,1669.0,175,https://www.keiba.go.jp/KeibaWeb/TodayRaceInfo/Odds3LenFuku?k_babaCode=31&k_raceDate=2026%2F09%2F22&k_raceNo=11
2026-09-22 20:18:00,20:17,2026-09-22,kochi,11,2,三連複,2-9-10,1710.8,1710.8,176,https://www.keiba.go.jp/KeibaWeb/TodayRaceInfo/Odds3LenFuku?k_babaCode=31&k_raceDate=2026%2F09%2F22&k_raceNo=11
2026-09-22 20:18:00,20:17,2026-09-22,kochi,11,2,三連複,6-10-12,1710.8,1710.8,176,https://www.keiba.go.jp/KeibaWeb/TodayRaceInfo/Odds3LenFuku?k_babaCode=31&k_raceDate=2026%2F09%2F22&k_raceNo=11
2026-09-22 20:18:00,20:17,2026-09-22,kochi,11,2,三連複,7-9-10,1754.6,1754.6,178,https://www.keiba.go.jp/KeibaWeb/TodayRaceInfo/Odds3LenFuku?k_babaCode=31&k_raceDate=2026%2F09%2F22&k_raceNo=11
2026-09-22 20:18:00,20:17,2026-09-22,kochi,11,2,三連複,2-6-9,1800.8,1800.8,179,https://www.keiba.go.jp/KeibaWeb/TodayRaceInfo/Odds3LenFuku?k_babaCode=31&k_raceDate=2026%2F09%2F22&k_raceNo=11
2026-09-22 20:18:00,20:17,2026-09-22,kochi,11,2,三連複,5-6-12,1800.8,1800.8,179,https://www.keiba.go.jp/KeibaWeb/TodayRaceInfo/Odds3LenFuku?k_babaCode=31&k_raceDate=2026%2F09%2F22&k_raceNo=11
2026-09-22 20:18:00,20:17,2026-09-22,kochi,11,2,三連複,5-7-12,1800.8,1800.8,179,https://www.keiba.go.jp/KeibaWeb/TodayRaceInfo/Odds3LenFuku?k_babaCode=31&k_raceDate=2026%2F09%2F22&k_raceNo=11
2026-09-22 20:18:00,20:17,2026-09-22,kochi,11,2,三連複,1-2-7,1849.5,1849.5,182,https://www.keiba.go.jp/KeibaWeb/TodayRaceInfo/Odds3LenFuku?k_babaCode=31&k_raceDate=2026%2F09%2F22&k_raceNo=11
2026-09-22 20:18:00,20:17,2026-09-22,kochi,11,2,三連複,1-3-7,1849.5,1849.5,182,https://www.keiba.go.jp/KeibaWeb/TodayRaceInfo/Odds3LenFuku?k_babaCode=31&k_raceDate=2026%2F09%2F22&k_raceNo=11
2026-09-22 20:18:00,20:17,2026-09-22,kochi,11,2,三連複,2-3-10,1849.5,1849.5,182,https://www.keiba.go.jp/KeibaWeb/TodayRaceInfo/Odds3LenFuku?k_babaCode=31&k_raceDate=2026%2F09%2F22&k_raceNo=11
2026-09-22 20:18:00,20:17,2026-09-22,kochi,11,2,三連複,2-6-10,1849.5,1849.5,182,https://www.keiba.go.jp/KeibaWeb/TodayRaceInfo/Odds3LenFuku?k_babaCode=31&k_raceDate=2026%2F09%2F22&k_raceNo=11
2026-09-22 20:18:00,20:17,2026-09-22,kochi,11,2,三連複,3-10-12,1849.5,1849.5,182,https://www.keiba.go.jp/KeibaWeb/TodayRaceInfo/Odds3LenFuku?k_babaCode=31&k_raceDate=2026%2F09%2F22&k_raceNo=11
2026-09-22 20:18:00,20:17,2026-09-22,kochi,11,2,三連複,4-6-12,1849.5,1849.5,182,https://www.keiba.go.jp/KeibaWeb/TodayRaceInfo/Odds3LenFuku?k_babaCode=31&k_raceDate=2026%2F09%2F22&k_raceNo=11
2026-09-22 20:18:00,20:17,2026-09-22,kochi,11,2,三連複,1-3-6,1900.9,1900.9,188,https://www.keiba.go.jp/KeibaWeb/TodayRaceInfo/Odds3LenFuku?k_babaCode=31&k_raceDate=2026%2F09%2F22&k_raceNo=11
2026-09-22 20:18:00,20:17,2026-09-22,kochi,11,2,三連複,2-7-12,1900.9,1900.9,188,https://www.keiba.go.jp/KeibaWeb/TodayRaceInfo/Odds3LenFuku?k_babaCode=31&k_raceDate=2026%2F09%2F22&k_raceNo=11
2026-09-22 20:18:00,20:17,2026-09-22,kochi,11,2,三連複,1-6-9,2012.7,2012.7,190,https://www.keiba.go.jp/KeibaWeb/TodayRaceInfo/Odds3LenFuku?k_babaCode=31&k_raceDate=2026%2F09%2F22&k_raceNo=11
2026-09-22 20:18:00,20:17,2026-09-22,kochi,11,2,三連複,6-9-10,2012.7,2012.7,190,https://www.keiba.go.jp/KeibaWeb/TodayRaceInfo/Odds3LenFuku?k_babaCode=31&k_raceDate=2026%2F09%2F22&k_raceNo=11
2026-09-22 20:18:00,20:17,2026-09-22,kochi,11,2,三連複,1-6-10,2073.7,2073.7,192,https://www.keiba.go.jp/KeibaWeb/TodayRaceInfo/Odds3LenFuku?k_babaCode=31&k_raceDate=2026%2F09%2F22&k_raceNo=11
2026-09-22 20:18:00,20:17,2026-09-22,kochi,11,2,三連複,1-10-12,2138.5,2138.5,193,https://www.keiba.go.jp/KeibaWeb/TodayRaceInfo/Odds3LenFuku?k_babaCode=31&k_raceDate=2026%2F09%2F22&k_raceNo=11
2026-09-22 20:18:00,20:17,2026-09-22,kochi,11,2,三連複,2-10-12,2138.5,2138.5,193,https://www.keiba.go.jp/KeibaWeb/TodayRaceInfo/Odds3LenFuku?k_babaCode=31&k_raceDate=2026%2F09%2F22&k_raceNo=11
2026-09-22 20:18:00,20:17,2026-09-22,kochi,11,2,三連複,6-7-10,2138.5,2138.5,193,https://www.keiba.go.jp/KeibaWeb/TodayRaceInfo/Odds3LenFuku?k_babaCode=31&k_raceDate=2026%2F09%2F22&k_raceNo=11
2026-09-22 20:18:00,20:17,2026-09-22,kochi,11,2,三連複,9-10-12,2138.5,2138.5,193,https://www.keiba.go.jp/KeibaWeb/TodayRaceInfo/Odds3LenFuku?k_babaCode=31&k_raceDate=2026%2F09%2F22&k_raceNo=11
2026-09-22 20:18:00,20:17,2026-09-22,kochi,11,2,三連複,1-7-9,2281.0,2281.0,197,https://www.keiba.go.jp/KeibaWeb/TodayRaceInfo/Odds3LenFuku?k_babaCode=31&k_raceDate=2026%2F09%2F22&k_raceNo=11
2026-09-22 20:18:00,20:17,2026-09-22,kochi,11,2,三連複,3-9-12,2281.0,2281.0,197,https://www.keiba.go.jp/KeibaWeb/TodayRaceInfo/Odds3LenFuku?k_babaCode=31&k_raceDate=2026%2F09%2F22&k_raceNo=11
2026-09-22 20:18:00,20:17,2026-09-22,kochi,11,2,三連複,6-7-12,2281.0,2281.0,197,https://www.keiba.go.jp/KeibaWeb/TodayRaceInfo/Odds3LenFuku?k_babaCode=31&k_raceDate=2026%2F09%2F22&k_raceNo=11
2026-09-22 20:18:00,20:17,2026-09-22,kochi,11,2,三連複,7-10-12,2359.7,2359.7,200,https://www.keiba.go.jp/KeibaWeb/TodayRaceInfo/Odds3LenFuku?k_babaCode=31&k_raceDate=2026%2F09%2F22&k_raceNo=11
2026-09-22 20:18:00,20:17,2026-09-22,kochi,11,2,三連複,1-2-6,2444.0,2444.0,201,https://www.keiba.go.jp/KeibaWeb/TodayRaceInfo/Odds3LenFuku?k_babaCode=31&k_raceDate=2026%2F09%2F22&k_raceNo=11
2026-09-22 20:18:00,20:17,2026-09-22,kochi,11,2,三連複,1-3-12,2534.5,2534.5,202,https://www.keiba.go.jp/KeibaWeb/TodayRaceInfo/Odds3LenFuku?k_babaCode=31&k_raceDate=2026%2F09%2F22&k_raceNo=11
2026-09-22 20:18:00,20:17,2026-09-22,kochi,11,2,三連複,1-7-10,2632.0,2632.0,203,https://www.keiba.go.jp/KeibaWeb/TodayRaceInfo/Odds3LenFuku?k_babaCode=31&k_raceDate=2026%2F09%2F22&k_raceNo=11
2026-09-22 20:18:00,20:17,2026-09-22,kochi,11,2,三連複,3-7-12,2632.0,2632.0,203,https://www.keiba.go.jp/KeibaWeb/TodayRaceInfo/Odds3LenFuku?k_babaCode=31&k_raceDate=2026%2F09%2F22&k_raceNo=11
2026-09-22 20:18:00,20:17,2026-09-22,kochi,11,2,三連複,1-2-10,2737.3,2737.3,205,https://www.keiba.go.jp/KeibaWeb/TodayRaceInfo/Odds3LenFuku?k_babaCode=31&k_raceDate=2026%2F09%2F22&k_raceNo=11
2026-09-22 20:18:00,20:17,2026-09-22,kochi,11,2,三連複,3-6-10,2737.3,2737.3,205,https://www.keiba.go.jp/KeibaWeb/TodayRaceInfo/Odds3LenFuku?k_babaCode=31&k_raceDate=2026%2F09%2F22&k_raceNo=11
2026-09-22 20:18:00,20:17,2026-09-22,kochi,11,2,三連複,6-7-9,2737.3,2737.3,205,https://www.keiba.go.jp/KeibaWeb/TodayRaceInfo/Odds3LenFuku?k_babaCode=31&k_raceDate=2026%2F09%2F22&k_raceNo=11
2026-09-22 20:18:00,20:17,2026-09-22,kochi,11,2,三連複,2-6-12,3110.5,3110.5,208,https://www.keiba.go.jp/KeibaWeb/TodayRaceInfo/Odds3LenFuku?k_babaCode=31&k_raceDate=2026%2F09%2F22&k_raceNo=11
2026-09-22 20:18:00,20:17,2026-09-22,kochi,11,2,三連複,2-3-6,3258.7,3258.7,209,https://www.keiba.go.jp/KeibaWeb/TodayRaceInfo/Odds3LenFuku?k_babaCode=31&k_raceDate=2026%2F09%2F22&k_raceNo=11
2026-09-22 20:18:00,20:17,2026-09-22,kochi,11,2,三連複,2-9-12,3601.7,3601.7,210,https://www.keiba.go.jp/KeibaWeb/TodayRaceInfo/Odds3LenFuku?k_babaCode=31&k_raceDate=2026%2F09%2F22&k_raceNo=11
2026-09-22 20:18:00,20:17,2026-09-22,kochi,11,2,三連複,3-6-7,3601.7,3601.7,210,https://www.keiba.go.jp/KeibaWeb/TodayRaceInfo/Odds3LenFuku?k_babaCode=31&k_raceDate=2026%2F09%2F22&k_raceNo=11
2026-09-22 20:18:00,20:17,2026-09-22,kochi,11,2,三連複,1-2-12,3801.8,3801.8,212,https://www.keiba.go.jp/KeibaWeb/TodayRaceInfo/Odds3LenFuku?k_babaCode=31&k_raceDate=2026%2F09%2F22&k_raceNo=11
2026-09-22 20:18:00,20:17,2026-09-22,kochi,11,2,三連複,1-9-12,3801.8,3801.8,212,https://www.keiba.go.jp/KeibaWeb/TodayRaceInfo/Odds3LenFuku?k_babaCode=31&k_raceDate=2026%2F09%2F22&k_raceNo=11
2026-09-22 20:18:00,20:17,2026-09-22,kochi,11,2,三連複,7-9-12,3801.8,3801.8,212,https://www.keiba.go.jp/KeibaWeb/TodayRaceInfo/Odds3LenFuku?k_babaCode=31&k_raceDate=2026%2F09%2F22&k_raceNo=11
2026-09-22 20:18:00,20:17,2026-09-22,kochi,11,2,三連複,1-6-7,4277.0,4277.0,215,https://www.keiba.go.jp/KeibaWeb/TodayRaceInfo/Odds3LenFuku?k_babaCode=31&k_raceDate=2026%2F09%2F22&k_raceNo=11
2026-09-22 20:18:00,20:17,2026-09-22,kochi,11,2,三連複,1-6-12,4277.0,4277.0,215,https://www.keiba.go.jp/KeibaWeb/TodayRaceInfo/Odds3LenFuku?k_babaCode=31&k_raceDate=2026%2F09%2F22&k_raceNo=11
2026-09-22 20:18:00,20:17,2026-09-22,kochi,11,2,三連複,2-3-12,4277.0,4277.0,215,https://www.keiba.go.jp/KeibaWeb/TodayRaceInfo/Odds3LenFuku?k_babaCode=31&k_raceDate=2026%2F09%2F22&k_raceNo=11
2026-09-22 20:18:00,20:17,2026-09-22,kochi,11,2,三連複,3-6-12,4277.0,4277.0,215,https://www.keiba.go.jp/KeibaWeb/TodayRaceInfo/Odds3LenFuku?k_babaCode=31&k_raceDate=2026%2F09%2F22&k_raceNo=11
2026-09-22 20:18:00,20:17,2026-09-22,kochi,11,2,三連複,6-9-12,4562.1,4562.1,219,https://www.keiba.go.jp/KeibaWeb/TodayRaceInfo/Odds3LenFuku?k_babaCode=31&k_raceDate=2026%2F09%2F22&k_raceNo=11
2026-09-22 20:18:00,20:17,2026-09-22,kochi,11,2,三連複,1-7-12,5702.7,5702.7,220,https://www.keiba.go.jp/KeibaWeb/TodayRaceInfo/Odds3LenFuku?k_babaCode=31&k_raceDate=2026%2F09%2F22&k_raceNo=11
